0 0.01
0 0.01
0 0.01
0 0.01
0 0.01
0 0.01
0 0.01
0 0.01
0 0.01
0 0.01
0 0.01
0 0.01
0 0.01
0 0.01
0 0.01
0 0.01
0 0.01
0 0.01
0 0.01
0 0.01
0 0.01
0 0.01
0 0.01
0 0.01
0 0.01
0 0.01
0 0.01
0 0.01
0 0.01
0 0.01
0 0.01
0 0.01
0 0.01
0 0.01
0 0.01
0 0.01
0 0.01
0 0.01
0 0.01
0 0.01
0 0.01
0 0.01
0 0.01
0 0.01
0 0.01
0 0.01
0 0.01
0 0.01
0 0.01
0 0.01
0 0.01
0 0.01
0 0.01
0 0.01
0 0.01
0 0.01
0 0.01
0 0.01
0 0.01
0 0.01
0 0.01
0 0.01
0 0.01
0 0.01
0 0.01
0 0.01
0 0.01
0 0.01
0 0.01
0 0.01
0 0.01
0 0.01
0 0.01
0 0.01
0 0.01
0 0.01
0 0.01
0 0.01
0 0.01
0 0.01
0 0.01
0 0.01
0 0.01
0 0.01
0 0.01
0 0.01
0 0.01
0 0.01
0 0.01
0 0.01
0 0.01
0 0.01
0 0.01
0 0.01
0 0.01
0 0.01
0 0.01
0 0.01
0 0.01
0 0.01
0 0.01
0 0.01
0 0.01
0 0.01
0 0.01
0 0.01
0 0.01
0 0.01
0 0.01
0 0.01
0 0.01
0 0.01
0 0.01
0 0.01
0 0.01
0 0.01
0 0.01
0 0.01
0 0.01
0 0.01
0 0.01
0 0.01
0 0.01
0 0.01
0 0.01
0 0.01
0 0.01
0 0.01
-0.13901961386203765 0.15901961386203767
-0.9860784316062927 1
-0.4174509847164154 0.4374509847164154
0 0.01
0 0.01
0 0.01
0 0.01
0 0.01
0 0.01
0 0.01
0 0.01
0 0.01
0 0.01
0 0.01
0 0.01
0 0.01
0 0.01
0 0.01
0 0.01
0 0.01
0 0.01
0 0.01
0 0.01
0 0.01
0 0.01
0 0.01
0 0.01
0 0.01
-0.33117648005485534 0.35117648005485536
-0.9782352948188782 0.9982352948188782
-0.31156863808631896 0.331568638086319
0 0.01
0 0.01
0 0.01
0 0.01
0 0.01
0 0.01
0 0.01
0 0.01
0 0.01
0 0.01
0 0.01
0 0.01
0 0.01
0 0.01
0 0.01
0 0.01
0 0.01
0 0.01
0 0.01
0 0.01
0 0.01
0 0.01
0 0.01
0 0.01
0 0.01
-0.5194117927551269 0.539411792755127
-0.9350980424880981 0.9550980424880982
0 0.01
0 0.01
0 0.01
0 0.01
0 0.01
0 0.01
0 0.01
0 0.01
0 0.01
0 0.01
0 0.01
0 0.01
0 0.01
0 0.01
0 0.01
0 0.01
0 0.01
0 0.01
0 0.01
0 0.01
0 0.01
0 0.01
0 0.01
0 0.01
0 0.01
-0.16647059261798858 0.1864705926179886
-0.94686274766922 0.96686274766922
-0.5782353186607361 0.5982353186607361
0 0.01
0 0.01
0 0.01
0 0.01
0 0.01
0 0.01
0 0.01
0 0.01
0 0.01
0 0.01
0 0.01
0 0.01
0 0.01
0 0.01
0 0.01
0 0.01
0 0.01
0 0.01
0 0.01
0 0.01
0 0.01
0 0.01
0 0.01
0 0.01
0 0.01
-0.3194117748737335 0.33941177487373353
-0.9860784316062927 1
-0.23705882370471953 0.25705882370471955
0 0.01
0 0.01
0 0.01
0 0.01
0 0.01
0 0.01
0 0.01
0 0.01
0 0.01
0 0.01
0 0.01
0 0.01
0 0.01
0 0.01
0 0.01
0 0.01
0 0.01
0 0.01
0 0.01
0 0.01
0 0.01
0 0.01
0 0.01
0 0.01
0 0.01
-0.7821568751335144 0.8021568751335144
-0.8645098114013672 0.8845098114013672
-0.033137256056070326 0.05313725605607033
0 0.01
0 0.01
0 0.01
0 0.01
0 0.01
0 0.01
0 0.01
0 0.01
0 0.01
0 0.01
0 0.01
0 0.01
0 0.01
0 0.01
0 0.01
0 0.01
0 0.01
0 0.01
0 0.01
0 0.01
0 0.01
0 0.01
0 0.01
0 0.01
-0.11549020349979401 0.13549020349979402
-0.9860784316062927 1
-0.8370588326454163 0.8570588326454163
0 0.01
0 0.01
0 0.01
0 0.01
0 0.01
0 0.01
0 0.01
0 0.01
0 0.01
0 0.01
0 0.01
0 0.01
0 0.01
0 0.01
0 0.01
0 0.01
0 0.01
0 0.01
0 0.01
0 0.01
0 0.01
0 0.01
0 0.01
0 0.01
0 0.01
-0.36254902720451354 0.38254902720451356
-0.9860784316062927 1
-0.7547058963775635 0.7747058963775635
0 0.01
0 0.01
0 0.01
0 0.01
0 0.01
0 0.01
0 0.01
0 0.01
0 0.01
0 0.01
0 0.01
0 0.01
0 0.01
0 0.01
0 0.01
0 0.01
0 0.01
0 0.01
0 0.01
0 0.01
0 0.01
0 0.01
0 0.01
0 0.01
0 0.01
-0.5390196347236633 0.5590196347236633
-0.9860784316062927 1
-0.2919607961177826 0.3119607961177826
0 0.01
0 0.01
0 0.01
0 0.01
0 0.01
0 0.01
0 0.01
0 0.01
0 0.01
0 0.01
0 0.01
0 0.01
0 0.01
0 0.01
0 0.01
0 0.01
0 0.01
0 0.01
0 0.01
0 0.01
0 0.01
0 0.01
0 0.01
0 0.01
-0.21352941334247588 0.2335294133424759
-0.919411768913269 0.939411768913269
-0.7939215803146362 0.8139215803146362
-0.0213725508749485 0.041372550874948504
0 0.01
0 0.01
0 0.01
0 0.01
0 0.01
0 0.01
0 0.01
0 0.01
0 0.01
0 0.01
0 0.01
0 0.01
0 0.01
0 0.01
0 0.01
0 0.01
0 0.01
0 0.01
0 0.01
0 0.01
0 0.01
0 0.01
0 0.01
0 0.01
-0.4762745106220245 0.49627451062202455
-0.99 1
-0.6370588445663452 0.6570588445663452
0 0.01
0 0.01
0 0.01
0 0.01
0 0.01
0 0.01
0 0.01
0 0.01
0 0.01
0 0.01
0 0.01
0 0.01
0 0.01
0 0.01
0 0.01
0 0.01
0 0.01
0 0.01
0 0.01
0 0.01
0 0.01
0 0.01
0 0.01
0 0.01
0 0.01
-0.6605882549285889 0.6805882549285889
-0.9860784316062927 1
-0.3076470696926117 0.3276470696926117
0 0.01
0 0.01
0 0.01
0 0.01
0 0.01
0 0.01
0 0.01
0 0.01
0 0.01
0 0.01
0 0.01
0 0.01
0 0.01
0 0.01
0 0.01
0 0.01
0 0.01
0 0.01
0 0.01
0 0.01
0 0.01
0 0.01
0 0.01
0 0.01
-0.08411764889955521 0.1041176488995552
-0.8998039269447327 0.9198039269447327
-0.833137264251709 0.853137264251709
0 0.01
0 0.01
0 0.01
0 0.01
0 0.01
0 0.01
0 0.01
0 0.01
0 0.01
0 0.01
0 0.01
0 0.01
0 0.01
0 0.01
0 0.01
0 0.01
0 0.01
0 0.01
0 0.01
0 0.01
0 0.01
0 0.01
0 0.01
0 0.01
0 0.01
-0.4605882370471954 0.48058823704719544
-0.9860784316062927 1
-0.6135294342041016 0.6335294342041016
0 0.01
0 0.01
0 0.01
0 0.01
0 0.01
0 0.01
0 0.01
0 0.01
0 0.01
0 0.01
0 0.01
0 0.01
0 0.01
0 0.01
0 0.01
0 0.01
0 0.01
0 0.01
0 0.01
0 0.01
0 0.01
0 0.01
0 0.01
0 0.01
0 0.01
-0.5821568870544434 0.6021568870544434
-0.9860784316062927 1
-0.5468627715110779 0.5668627715110779
0 0.01
0 0.01
0 0.01
0 0.01
0 0.01
0 0.01
0 0.01
0 0.01
0 0.01
0 0.01
0 0.01
0 0.01
0 0.01
0 0.01
0 0.01
0 0.01
0 0.01
0 0.01
0 0.01
0 0.01
0 0.01
0 0.01
0 0.01
0 0.01
0 0.01
-0.8841176533699036 0.9041176533699036
-0.9860784316062927 1
-0.24882354378700255 0.2688235437870026
0 0.01
0 0.01
0 0.01
0 0.01
0 0.01
0 0.01
0 0.01
0 0.01
0 0.01
0 0.01
0 0.01
0 0.01
0 0.01
0 0.01
0 0.01
0 0.01
0 0.01
0 0.01
0 0.01
0 0.01
0 0.01
0 0.01
0 0.01
0 0.01
-0.22921568691730498 0.249215686917305
-0.9743137264251709 0.9943137264251709
-0.9860784316062927 1
-0.24882354378700255 0.2688235437870026
0 0.01
0 0.01
0 0.01
0 0.01
0 0.01
0 0.01
0 0.01
0 0.01
0 0.01
0 0.01
0 0.01
0 0.01
0 0.01
0 0.01
0 0.01
0 0.01
0 0.01
0 0.01
0 0.01
0 0.01
0 0.01
0 0.01
0 0.01
0 0.01
-0.5429412031173706 0.5629412031173706
-0.9860784316062927 1
-0.7939215803146362 0.8139215803146362
-0.0017647061124444006 0.021764706112444403
0 0.01
0 0.01
0 0.01
0 0.01
0 0.01
0 0.01
0 0.01
0 0.01
0 0.01
0 0.01
0 0.01
0 0.01
0 0.01
0 0.01
0 0.01
0 0.01
0 0.01
0 0.01
0 0.01
0 0.01
0 0.01
0 0.01
0 0.01
-0.02921568766236305 0.049215687662363054
-0.833137264251709 0.853137264251709
-0.9860784316062927 1
-0.4645098054409027 0.4845098054409027
0 0.01
0 0.01
0 0.01
0 0.01
0 0.01
0 0.01
0 0.01
0 0.01
0 0.01
0 0.01
0 0.01
0 0.01
0 0.01
0 0.01
0 0.01
0 0.01
0 0.01
0 0.01
0 0.01
0 0.01
0 0.01
0 0.01
0 0.01
0 0.01
-0.009607843831181526 0.029607843831181528
-0.7664706015586853 0.7864706015586853
-0.6801960968971252 0.7001960968971253
-0.02921568766236305 0.049215687662363054
0 0.01
0 0.01
0 0.01
0 0.01
0 0.01
0 0.01
0 0.01
0 0.01
0 0.01
0 0.01
0 0.01
0 0.01
0 0.01
0 0.01
0 0.01
0 0.01
0 0.01
0 0.01
0 0.01
0 0.01
0 0.01
0 0.01
0 0.01
0 0.01
0 0.01
0 0.01
0 0.01
0 0.01
0 0.01
0 0.01
0 0.01
0 0.01
0 0.01
0 0.01
0 0.01
0 0.01
0 0.01
0 0.01
0 0.01
0 0.01
0 0.01
0 0.01
0 0.01
0 0.01
0 0.01
0 0.01
0 0.01
0 0.01
0 0.01
0 0.01
0 0.01
0 0.01
0 0.01
0 0.01
0 0.01
0 0.01
0 0.01
0 0.01
0 0.01
0 0.01
0 0.01
0 0.01
0 0.01
0 0.01
0 0.01
0 0.01
0 0.01
0 0.01
0 0.01
0 0.01
0 0.01
0 0.01
0 0.01
0 0.01
0 0.01
0 0.01
0 0.01
0 0.01
0 0.01
0 0.01
0 0.01
0 0.01
0 0.01
0 0.01
0 0.01
0 0.01
0 0.01
0 0.01
0 0.01
0 0.01
0 0.01
0 0.01
0 0.01
0 0.01
0 0.01
0 0.01
0 0.01
0 0.01
0 0.01
0 0.01
0 0.01
0 0.01
0 0.01
0 0.01
0 0.01
0 0.01
0 0.01
0 0.01
0 0.01
0 0.01
0 0.01
0 0.01
0 0.01
0 0.01
0 0.01
0 0.01
0 0.01
0 0.01
0 0.01
0 0.01
0 0.01
0 0.01
0 0.01
0 0.01
0 0.01
0 0.01

3.0748353471311067 -2.370982258196876
0.3762854459436009 0.2892046872418521
-3.395584951728725 4.132407383111732
-0.3338644725290165 1.0228448412854512
3.2349615091931474 -2.626107649120735
-2.897942689052816 3.692623078036633
-3.234665360826353 3.8940718763238764
-1.282160568903785 1.9921457736856585
0.7971512343332159 -0.0507107065074352
0.5166788937282139 0.16828957269278524

-3.297313051643409 4.816870630447255
0.6117596593572948 0.17339637883062498
-3.20448793210389 4.889421463274472
-0.801186177112096 3.071433749742204
-0.9988362427526938 2.0852446989735887
0.7445068281975524 0.8132271493908497
-2.6219776172598204 4.13475940378998
-2.362273151280429 3.6956025852285546
-1.8600976952407406 3.5386878446111583
0.6488068620269545 0.34487250000031455

7.407977744311046 -2.570674881814972
-4.383358123629727 9.72385877731639
0.368339186872922 4.111212398617614
1.2645368974684421 3.6502675409700234
4.43886386663017 1.1966619553363214
4.420187730306357 1.4640881243471697
2.9189139840657927 2.2568079458405528
1.6899507327868035 3.543119987103426
-0.5164004180366129 5.096331391516948
5.1952146360119995 -0.9992234549256022

