0 1
0 1
0 1
0 1
0 1
0 1
0 1
0 1
0 1
0 1
0 1
0 1
0 1
0 1
0 1
0 1
0 1
0 1
0 1
0 1
0 1
0 1
0 1
0 1
0 1
0 1
0 1
0 1
0 1
0 1
0 1
0 1
0 1
0 1
0 1
0 1
0 1
0 1
0 1
0 1
0 1
0 1
0 1
0 1
0 1
0 1
0 1
0 1
0 1
0 1
0 1
0 1
0 1
0 1
0 1
0 1
0 1
0 1
0 1
0 1
0 1
0 1
0 1
0 1
0 1
0 1
0 1
0 1
0 1
0 1
0 1
0 1
0 1
0 1
0 1
0 1
0 1
0 1
0 1
0 1
0 1
0 1
0 1
0 1
0 1
0 1
0 1
0 1
0 1
0 1
0 1
0 1
0 1
0 1
0 1
0 1
0 1
0 1
0 1
0 1
0 1
0 1
0 1
0 1
0 1
0 1
0 1
0 1
0 1
0 1
0 1
0 1
0 1
0 1
0 1
0 1
0 1
0 1
0 1
0 1
0 1
0 1
0 1
0 1
0 1
0 1
0 1
0 1
0 1
0 1
0 1
0 1
0 1
0 1
0 1
0 1
0 1
0 1
0 1
0 1
0 1
0 1
0 1
0 1
0 1
0 1
0 1
0 1
0 1
0 1
0 1
0 1
0 1
0 1
0 1
0 1
0 1
0 1
0 1
0 1
0 1
0 1
0 1
0 1
0 1
0 1
0 1
0 1
0 1
0 1
0 1
0 1
0 1
0 1
0 1
0 1
0 1
0 1
0 1
0 1
0 1
0 1
0 1
0 1
0 1
0 1
0 1
0 1
0 1
0 1
0 1
0 1
0 1
0 1
0 1
0 1
0 1
0 1
0 1
0 1
0 1
0 1
0 1
0 1
0 1
0 1
0 1
0 1
0 1
0 1
0 1
0 1
0 1
0 1
0 1
0 1
0 1
0 1
0 1
0 1
0 1
0 1
0 1
0 1
0 1
0 1
0 1
0 1
0 1
0 1
0 1
0 1
0 1
0 1
0 1
0 1
0 1
0 1
0 1
0 1
0 1
0 1
0 1
0 1
0 1
0 1
0 1
0 1
0 1
0 1
0 1
0 1
0 1
0 1
0 1
0 1
0 1
0 1
0 1
0 1
0 1
0 1
0 1
0 1
0 1
0 1
0 1
0 1
0 1
0 1
0 1
0 1
0 1
0 1
0 1
0 1
0 1
0 1
0 1
0 1
0 1
0 1
0 1
0 1
0 1
0 1
0 1
0 1
0 1
0 1
0 1
0 1
0 1
0 1
0 1
0 1
0 1
0 1
0 1
0 1
0 1
0 1
0 1
0 1
0 1
0 1
0 1
0 1
0 1
0 1
0 1
0 1
0 1
0 1
0 1
0 1
0 1
0 1
0 1
0 1
0 1
0 1
0 1
0 1
0 1
0 1
0 1
0 1
0 1
0 1
0 1
0 1
0 1
0 1
0 1
0 1
0 1
0 1
0 1
0 1
0 1
0 1
0 1
0 1
0 1
0 1
0 1
0 1
0 1
0 1
0 1
0 1
0 1
0 1
0 1
0 1
0 1
0 1
0 1
0 1
0 1
0 1
0 1
0 1
0 1
0 1
0 1
0 1
0 1
0 1
0 1
0 1
0 1
0 1
0 1
0 1
0 1
0 1
0 1
0 1
0 1
0 1
0 1
0 1
0 1
0 1
0 1
0 1
0 1
0 1
0 1
0 1
0 1
0 1
0 1
0 1
0 1
0 1
0 1
0 1
0 1
0 1
0 1
0 1
0 1
0 1
0 1
0 1
0 1
0 1
0 1
0 1
0 1
0 1
0 1
0 1
0 1
0 1
0 1
0 1
0 1
0 1
0 1
0 1
0 1
0 1
0 1
0 1
0 1
0 1
0 1
0 1
0 1
0 1
0 1
0 1
0 1
0 1
0 1
0 1
0 1
0 1
0 1
0 1
0 1
0 1
0 1
0 1
0 1
0 1
0 1
0 1
0 1
0 1
0 1
0 1
0 1
0 1
0 1
0 1
0 1
0 1
0 1
0 1
0 1
0 1
0 1
0 1
0 1
0 1
0 1
0 1
0 1
0 1
0 1
0 1
0 1
0 1
0 1
0 1
0 1
0 1
0 1
0 1
0 1
0 1
0 1
0 1
0 1
0 1
0 1
0 1
0 1
0 1
0 1
0 1
0 1
0 1
0 1
0 1
0 1
0 1
0 1
0 1
0 1
0 1
0 1
0 1
0 1
0 1
0 1
0 1
0 1
0 1
0 1
0 1
0 1
0 1
0 1
0 1
0 1
0 1
0 1
0 1
0 1
0 1
0 1
0 1
0 1
0 1
0 1
0 1
0 1
0 1
0 1
0 1
0 1
0 1
0 1
0 1
0 1
0 1
0 1
0 1
0 1
0 1
0 1
0 1
0 1
0 1
0 1
0 1
0 1
0 1
0 1
0 1
0 1
0 1
0 1
0 1
0 1
0 1
0 1
0 1
0 1
0 1
0 1
0 1
0 1
0 1
0 1
0 1
0 1
0 1
0 1
0 1
0 1
0 1
0 1
0 1
0 1
0 1
0 1
0 1
0 1
0 1
0 1
0 1
0 1
0 1
0 1
0 1
0 1
0 1
0 1
0 1
0 1
0 1
0 1
0 1
0 1
0 1
0 1
0 1
0 1
0 1
0 1
0 1
0 1
0 1
0 1
0 1
0 1
0 1
0 1
0 1
0 1
0 1
0 1
0 1
0 1
0 1
0 1
0 1
0 1
0 1
0 1
0 1
0 1
0 1
0 1
0 1
0 1
0 1
0 1
0 1
0 1
0 1
0 1
0 1
0 1
0 1
0 1
0 1
0 1
0 1
0 1
0 1
0 1
0 1
0 1
0 1
0 1
0 1
0 1
0 1
0 1
0 1
0 1
0 1
0 1
0 1
0 1
0 1
0 1
0 1
0 1
0 1
0 1
0 1
0 1
0 1
0 1
0 1
0 1
0 1
0 1
0 1
0 1
0 1
0 1
0 1
0 1
0 1
0 1
0 1
0 1
0 1
0 1
0 1
0 1
0 1
0 1
0 1
0 1
0 1
0 1
0 1
0 1
0 1
0 1
0 1
0 1
0 1
0 1
0 1
0 1
0 1
0 1
0 1
0 1
0 1
0 1
0 1
0 1
0 1
0 1
0 1
0 1
0 1
0 1
0 1
0 1
0 1
0 1
0 1
0 1
0 1
0 1
0 1
0 1
0 1
0 1
0 1
0 1
0 1
0 1
0 1
0 1
0 1
0 1
0 1
0 1
0 1
0 1
0 1
0 1
0 1
0 1
0 1
0 1
0 1
0 1
0 1
0 1
0 1
0 1
0 1
0 1
0 1
0 1
0 1
0 1
0 1
0 1
0 1
0 1
0 1
0 1
0 1
0 1
0 1
0 1
0 1
0 1
0 1
0 1
0 1
0 1
0 1
0 1
0 1
0 1
0 1

34.40647157042986 39.13155506775365
45.910657985979924 41.80873386119492
33.884472272067796 37.458344979037065
31.843814783496782 35.6159182934789
28.39936689321621 43.32969171512377
43.42157667412539 29.743815689922485
31.66274956127745 43.92602710152278
7.495897139291628 6.094795376666298
31.68264370050747 43.18664915024419
62.46900927917159 34.015889128044364
45.44436916320774 34.5020747432427
38.16851734249212 36.72300751266812
8.708809641560947 5.312369956052862
25.664474957389757 43.058886978033115
31.994889982859604 40.34969013178852
37.34828322967951 52.73434578630804
32.0324800228118 41.64575074338063
24.575596754242724 45.88948540095953
51.22289771045325 34.8620393096644
30.30401764601993 52.425881294882856
43.25056264741579 33.54682032510755
39.70028459181049 36.83695113135036
55.03170887473971 33.56461829071486
27.55544289023237 35.15962050965754
32.130416502739536 38.84058935113717
59.291946796744014 28.412379726054496
46.29581809978117 44.27206786782335
32.47477501962203 39.2655307809182
33.957214125701285 42.119638627249515
8.285610360529972 5.440473938229843
39.281717685225885 37.375317470159644
48.61481279626605 31.69874645197706
36.455069591262145 32.589454080742144
25.24608417913987 46.4097736722033
36.4519349859911 50.28813644417096
36.785192277608076 37.9204036949086
23.240127369455877 43.17874733624922
36.087784729199484 40.94497511000009
42.94289321539691 39.096074655186385
43.17037873125082 32.177559491450666
35.409083965962054 33.36766657921544
25.161399584481842 44.118507109960774
30.894112977548502 44.29762840340845
26.348582939026528 44.80330503528239
35.7385991668998 43.117760195425944
29.66693428417784 42.61817841755692
8.801560627854997 5.720973832765594
31.807611754979007 43.356954696253524
28.255188760114834 40.02170045256207
31.891477831741213 44.38337638156372

180.08976927873408 145.53861726834347
63.50102123227876 210.73270134981766
74.39975433089027 130.16297609738052
111.83968660350968 146.29055169119863
136.86578762186525 141.1022438862589
143.5680688748715 138.2216752927614
109.69403766825437 197.3935325993131
106.51928481271761 176.07047125040805
96.71726500390868 183.36288120191006
93.22578650463254 172.45541033258033
73.19371427849761 183.05755455777538
87.89080400340357 185.55870606865219
114.48687024504079 140.6552272398628
100.74544661274727 41.79183060233392
86.53258551183549 170.12148989464504
111.62235718397109 158.11584181154194
109.79620415058876 153.5682009646993
72.65030157451744 179.42834475419153
116.91719493325783 141.0126935413426
114.45050660935252 158.37604227073655
146.08322974984733 116.23572260586134
95.7292308013512 180.97501637960968
123.69537392622266 180.4619711436867
102.77855691848731 171.79148844153906
182.44327445522038 172.6784096550848
114.29019753042942 132.06481400498197
108.15981437585135 187.7032871678227
131.43130664678594 175.86700928741556
75.9224387220428 164.04716630909022
94.41343954148387 172.7414287962767
147.45517250337676 133.166508068133
87.12642895097856 133.44831671670303
108.43929531367907 191.37064853654633
71.751698646079 187.6919823090825
56.934362401413296 174.8002627055931
86.33089906592903 163.10258246632418
129.77815506694915 154.0751479995651
84.1970979734396 170.74234337774078
160.37829509060845 118.61031802076039
81.38203788158009 167.1360851665555
117.46654747788087 169.5064132633606
131.52979377751478 145.15139891500766
83.55908583465278 172.91468643203575
90.09375850039466 184.33730487122793
79.1202928517172 168.99266434382295
116.59454660848071 138.668444600775
93.92702695269314 175.290546033777
133.49346891069675 157.85113833550432
96.40249239465872 185.62970408810932
87.89402808329676 156.57447408791444

446.0622391931392 743.843199412165
449.62559357559763 719.4116443738269
346.10176642886177 664.9729843553255
549.795135080245 590.2597268255324
306.17313404329974 700.9661011040791
459.6834933543763 514.2951491965414
379.4681607086048 820.1224470523406
317.8549743239383 788.7364142208755
294.81618571731804 825.4949180402048
373.03667152903233 667.3591755146686
358.26800908770633 772.186529460731
482.6778459596917 657.2924559098072
663.1625681840776 637.4562903614055
315.35180080916075 777.4476349119489
708.325604611429 508.43304152390687
398.8527017506937 726.7030829030325
495.7334174955682 492.8069399301724
519.5811900161416 686.7125046200268
808.596729036156 550.0090946264751
392.91513196114266 730.0251269726243
382.1616897065329 823.8110068772017
399.9932041821626 191.65536997343582
355.32373180499593 168.09241253520594
417.224520122898 677.0148847270859
462.12528917091197 601.1679723289726
497.5878314274737 675.1138743844942
330.7509601366472 748.0362635764519
395.2102256403218 774.2141124182263
460.94824751257914 733.9164053201204
712.8649286473891 610.6736481861939
440.140370647029 724.7434713632694
355.5751797951254 167.3553798942527
359.8709650503056 847.7812828691517
380.2043775413693 177.60468791282756
336.9667316231155 536.2602239838088
415.52251819764956 788.8198385068413
364.02757084968226 752.3143547960713
380.8964989555514 206.6006411977374
486.9423638680712 779.6635623811469
405.93831929973715 754.722180970246
453.1914202838303 681.2081115412268
499.36969514415443 533.2633668971406
452.12847789294335 883.4827906434443
456.2959096645635 705.0039205143777
378.1495766522102 797.1171246225351
420.76891880291095 145.37595139955656
311.54934258091333 221.14731338811788
911.129789004325 676.4191438260141
489.9528817045212 827.5008371098843
379.8270298228631 739.2870828702493

3750.9072843693607 2280.4096151928416
3530.9005597482997 2652.3826167520783
2871.681897474808 2773.4652777362626
1280.422591009904 657.0217455968793
3709.013725418882 2618.722130137309
3360.9814782806184 2229.8598702588415
5003.20466598909 2041.4666273619355
3104.230238883389 2711.180660047884
3544.970002774858 1979.6583400495908
3829.2913707812336 1998.5016622341068

