0 1
0 1
0 1
0 1
0 1
0 1
0 1
0 1
0 1
0 1
0 1
0 1
0 1
0 1
0 1
0 1
0 1
0 1
0 1
0 1
0 1
0 1
0 1
0 1
0 1
0 1
0 1
0 1
0 1
0 1
0 1
0 1
0 1
0 1
0 1
0 1
0 1
0 1
0 1
0 1
0 1
0 1
0 1
0 1
0 1
0 1
0 1
0 1
0 1
0 1
0 1
0 1
0 1
0 1
0 1
0 1
0 1
0 1
0 1
0 1
0 1
0 1
0 1
0 1
0 1
0 1
0 1
0 1
0 1
0 1
0 1
0 1
0 1
0 1
0 1
0 1
0 1
0 1
0 1
0 1
0 1
0 1
0 1
0 1
0 1
0 1
0 1
0 1
0 1
0 1
0 1
0 1
0 1
0 1
0 1
0 1
0 1
0 1
0 1
0 1
0 1
0 1
0 1
0 1
0 1
0 1
0 1
0 1
0 1
0 1
0 1
0 1
0 1
0 1
0 1
0 1
0 1
0 1
0 1
0 1
0 1
0 1
0 1
0 1
0 1
0 1
0 1
0 1
0 1
0 1
0 1
0 1
0 1
0 1
0 1
0 1
0 1
0 1
0 1
0 1
0 1
0 1
0 1
0 1
0 1
0 1
0 1
0 1
0 1
0 1
0 1
0 1
0 1
0 1
0 1
0 1
0 1
0 1
0 1
0 1
0 1
0 1
0 1
0 1
0 1
0 1
0 1
0 1
0 1
0 1
0 1
0 1
0 1
0 1
0 1
0 1
0 1
0 1
0 1
0 1
0 1
0 1
0 1
0 1
0 1
0 1
0 1
0 1
0 1
0 1
0 1
0 1
0 1
0 1
0 1
0 1
0 1
0 1
0 1
0 1
0 1
0 1
0 1
0 1
0 1
0 1
0 1
0 1
0 1
0 1
0 1
0 1
0 1
0 1
0 1
0 1
0 1
0 1
0 1
0 1
0 1
0 1
0 1
0 1
0 1
0 1
0 1
0 1
0 1
0 1
0 1
0 1
0 1
0 1
0 1
0 1
0 1
0 1
0 1
0 1
0 1
0 1
0 1
0 1
0 1
0 1
0 1
0 1
0 1
0 1
0 1
0 1
0 1
0 1
0 1
0 1
0 1
0 1
0 1
0 1
0 1
0 1
0 1
0 1
0 1
0 1
0 1
0 1
0 1
0 1
0 1
0 1
0 1
0 1
0 1
0 1
0 1
0 1
0 1
0 1
0 1
0 1
0 1
0 1
0 1
0 1
0 1
0 1
0 1
0 1
0 1
0 1
0 1
0 1
0 1
0 1
0 1
0 1
0 1
0 1
0 1
0 1
0 1
0 1
0 1
0 1
0 1
0 1
0 1
0 1
0 1
0 1
0 1
0 1
0 1
0 1
0 1
0 1
0 1
0 1
0 1
0 1
0 1
0 1
0 1
0 1
0 1
0 1
0 1
0 1
0 1
0 1
0 1
0 1
0 1
0 1
0 1
0 1
0 1
0 1
0 1
0 1
0 1
0 1
0 1
0 1
0 1
0 1
0 1
0 1
0 1
0 1
0 1
0 1
0 1
0 1
0 1
0 1
0 1
0 1
0 1
0 1
0 1
0 1
0 1
0 1
0 1
0 1
0 1
0 1
0 1
0 1
0 1
0 1
0 1
0 1
0 1
0 1
0 1
0 1
0 1
0 1
0 1
0 1
0 1
0 1
0 1
0 1
0 1
0 1
0 1
0 1
0 1
0 1
0 1
0 1
0 1
0 1
0 1
0 1
0 1
0 1
0 1
0 1
0 1
0 1
0 1
0 1
0 1
0 1
0 1
0 1
0 1
0 1
0 1
0 1
0 1
0 1
0 1
0 1
0 1
0 1
0 1
0 1
0 1
0 1
0 1
0 1
0 1
0 1
0 1
0 1
0 1
0 1
0 1
0 1
0 1
0 1
0 1
0 1
0 1
0 1
0 1
0 1
0 1
0 1
0 1
0 1
0 1
0 1
0 1
0 1
0 1
0 1
0 1
0 1
0 1
0 1
0 1
0 1
0 1
0 1
0 1
0 1
0 1
0 1
0 1
0 1
0 1
0 1
0 1
0 1
0 1
0 1
0 1
0 1
0 1
0 1
0 1
0 1
0 1
0 1
0 1
0 1
0 1
0 1
0 1
0 1
0 1
0 1
0 1
0 1
0 1
0 1
0 1
0 1
0 1
0 1
0 1
0 1
0 1
0 1
0 1
0 1
0 1
0 1
0 1
0 1
0 1
0 1
0 1
0 1
0 1
0 1
0 1
0 1
0 1
0 1
0 1
0 1
0 1
0 1
0 1
0 1
0 1
0 1
0 1
0 1
0 1
0 1
0 1
0 1
0 1
0 1
0 1
0 1
0 1
0 1
0 1
0 1
0 1
0 1
0 1
0 1
0 1
0 1
0 1
0 1
0 1
0 1
0 1
0 1
0 1
0 1
0 1
0 1
0 1
0 1
0 1
0 1
0 1
0 1
0 1
0 1
0 1
0 1
0 1
0 1
0 1
0 1
0 1
0 1
0 1
0 1
0 1
0 1
0 1
0 1
0 1
0 1
0 1
0 1
0 1
0 1
0 1
0 1
0 1
0 1
0 1
0 1
0 1
0 1
0 1
0 1
0 1
0 1
0 1
0 1
0 1
0 1
0 1
0 1
0 1
0 1
0 1
0 1
0 1
0 1
0 1
0 1
0 1
0 1
0 1
0 1
0 1
0 1
0 1
0 1
0 1
0 1
0 1
0 1
0 1
0 1
0 1
0 1
0 1
0 1
0 1
0 1
0 1
0 1
0 1
0 1
0 1
0 1
0 1
0 1
0 1
0 1
0 1
0 1
0 1
0 1
0 1
0 1
0 1
0 1
0 1
0 1
0 1
0 1
0 1
0 1
0 1
0 1
0 1
0 1
0 1
0 1
0 1
0 1
0 1
0 1
0 1
0 1
0 1
0 1
0 1
0 1
0 1
0 1
0 1
0 1
0 1
0 1
0 1
0 1
0 1
0 1
0 1
0 1
0 1
0 1
0 1
0 1
0 1
0 1
0 1
0 1
0 1
0 1
0 1
0 1
0 1
0 1
0 1
0 1
0 1
0 1
0 1
0 1
0 1
0 1
0 1
0 1
0 1
0 1
0 1
0 1
0 1
0 1
0 1
0 1
0 1
0 1
0 1
0 1
0 1
0 1
0 1
0 1
0 1
0 1
0 1
0 1
0 1
0 1
0 1
0 1
0 1
0 1
0 1
0 1
0 1
0 1
0 1
0 1
0 1
0 1
0 1
0 1
0 1
0 1
0 1
0 1
0 1
0 1
0 1
0 1
0 1
0 1
0 1
0 1
0 1
0 1
0 1
0 1
0 1
0 1
0 1
0 1
0 1
0 1
0 1
0 1
0 1
0 1
0 1
0 1
0 1
0 1
0 1
0 1
0 1
0 1
0 1
0 1
0 1
0 1
0 1
0 1
0 1
0 1

34.4075 39.1326
45.9117 41.8097
33.8855 37.4593
31.8448 35.6169
28.4004 43.3307
43.4226 29.7448
31.6637 43.927
7.4969 6.0958
31.6836 43.1876
62.47 34.0169
45.4454 34.5031
38.1695 36.724
8.7098 5.3134
25.6655 43.0599
31.9959 40.3507
37.3493 52.7353
32.0335 41.6468
24.5766 45.8905
51.2239 34.863
30.305 52.4269
43.2516 33.5478
39.7013 36.838
55.0327 33.5656
27.5564 35.1606
32.1314 38.8416
59.2929 28.4134
46.2968 44.2731
32.4758 39.2665
33.9582 42.1206
8.2866 5.4415
39.2827 37.3763
48.6158 31.6997
36.4561 32.5905
25.2471 46.4108
36.4529 50.2891
36.7862 37.9214
23.2411 43.1797
36.0888 40.946
42.9439 39.0971
43.1714 32.1786
35.4101 33.3687
25.1624 44.1195
30.8951 44.2986
26.3496 44.8043
35.7396 43.1188
29.6679 42.6192
8.8026 5.722
31.8086 43.358
28.2562 40.0227
31.8925 44.3844

69.7554 63.4748
20.3188 99.863
20.1645 60.6232
50.0102 51.3539
57.1286 65.8129
46.5682 64.8787
49.4343 93.0712
29.498 82.7066
42.1384 90.526
39.9757 82.9501
24.156 89.005
26.8927 89.4628
50.1724 65.2404
48.122 16.182
36.5993 84.7497
33.6939 59.7513
42.2081 71.0084
30.6753 87.0315
40.7867 58.5443
54.5808 70.5336
65.9354 54.8885
40.9216 89.1426
56.2943 83.7419
44.6967 83.4977
72.9722 76.5654
50.6289 50.1525
48.6205 89.079
59.8217 80.3741
24.926 78.3281
39.2175 80.2334
48.0485 60.2601
38.7853 63.4951
35.7228 88.7455
20.0889 90.0399
17.9181 85.2986
37.1287 76.9994
57.5163 74.5654
36.7916 82.3352
74.6729 54.6126
30.197 78.0938
33.9373 79.3409
38.4755 70.2709
28.2288 83.9773
30.0706 68.0575
26.1303 81.6313
43.767 64.883
29.1376 83.6592
33.695 75.2504
33.8255 89.8484
27.3337 74.4094

102.0926 193.3216
116.4399 195.1474
81.1403 177.7257
159.7615 160.573
62.5287 207.6525
107.1684 150.1889
65.8285 262.6264
78.5171 252.6674
60.5565 264.3264
65.9549 186.8479
69.2782 197.5912
109.8718 193.4062
187.5332 151.332
48.8281 223.1674
161.5837 82.1488
87.2112 151.5189
129.0881 138.5039
118.8385 205.3171
256.2798 133.4482
81.6573 210.4419
84.8487 264.1002
94.4005 18.2913
77.8878 12.6172
105.7062 171.8708
114.1582 174.542
117.3734 170.8322
70.5769 199.3515
88.5988 227.975
105.6641 242.8737
197.4094 135.5519
79.0576 198.7489
84.6189 20.1
97.2539 259.4376
88.8 15.5208
88.4104 150.7642
93.424 233.2229
57.3786 208.7531
76.6995 22.3079
88.6734 229.8016
75.8355 208.0797
92.4242 186.551
132.9087 136.8052
92.8658 235.3697
104.4547 189.162
80.2786 255.6158
100.2463 11.6185
65.1093 22.5989
224.356 187.3404
97.3073 245.92
89.8401 208.3472

627.9917 367.3836
523.7158 438.195
467.231 425.7812
189.9301 47.5191
635.3384 430.3641
623.7247 386.351
791.0199 338.1083
477.3662 472.9532
712.897 337.7865
698.9049 344.7018

