0 0.05500000000000001
0 0.05500000000000001
0 0.05500000000000001
0 0.05500000000000001
0 0.05500000000000001
0 0.05500000000000001
0 0.05500000000000001
0 0.05500000000000001
0 0.05500000000000001
0 0.05500000000000001
0 0.05500000000000001
0 0.05500000000000001
0 0.05500000000000001
0 0.05500000000000001
0 0.05500000000000001
0 0.05500000000000001
0 0.05500000000000001
0 0.05500000000000001
0 0.05500000000000001
0 0.05500000000000001
0 0.05500000000000001
0 0.05500000000000001
0 0.05500000000000001
0 0.05500000000000001
0 0.05500000000000001
0 0.05500000000000001
0 0.05500000000000001
0 0.05500000000000001
0 0.05500000000000001
0 0.05500000000000001
0 0.05500000000000001
0 0.05500000000000001
0 0.05500000000000001
0 0.05500000000000001
0 0.05500000000000001
0 0.05500000000000001
0 0.05500000000000001
0 0.05500000000000001
0 0.05500000000000001
0 0.05500000000000001
0 0.05500000000000001
0 0.05500000000000001
0 0.05500000000000001
0 0.05500000000000001
0 0.05500000000000001
0 0.05500000000000001
0 0.05500000000000001
0 0.05500000000000001
0 0.05500000000000001
0 0.05500000000000001
0 0.05500000000000001
0 0.05500000000000001
0 0.05500000000000001
0 0.05500000000000001
0 0.05500000000000001
0 0.05500000000000001
0 0.05500000000000001
0 0.05500000000000001
0 0.05500000000000001
0 0.05500000000000001
0 0.05500000000000001
0 0.05500000000000001
0 0.05500000000000001
0 0.05500000000000001
0 0.05500000000000001
0 0.05500000000000001
0 0.05500000000000001
0 0.05500000000000001
0 0.05500000000000001
0 0.05500000000000001
0 0.05500000000000001
0 0.05500000000000001
0 0.05500000000000001
0 0.05500000000000001
0 0.05500000000000001
0 0.05500000000000001
0 0.05500000000000001
0 0.05500000000000001
0 0.05500000000000001
0 0.05500000000000001
0 0.05500000000000001
0 0.05500000000000001
0 0.05500000000000001
0 0.05500000000000001
0 0.05500000000000001
0 0.05500000000000001
0 0.05500000000000001
0 0.05500000000000001
0 0.05500000000000001
0 0.05500000000000001
0 0.05500000000000001
0 0.05500000000000001
0 0.05500000000000001
0 0.05500000000000001
0 0.05500000000000001
0 0.05500000000000001
0 0.05500000000000001
0 0.05500000000000001
0 0.05500000000000001
0 0.05500000000000001
0 0.05500000000000001
0 0.05500000000000001
0 0.05500000000000001
0 0.05500000000000001
0 0.05500000000000001
0 0.05500000000000001
0 0.05500000000000001
0 0.05500000000000001
0 0.05500000000000001
0 0.05500000000000001
0 0.05500000000000001
0 0.05500000000000001
0 0.05500000000000001
0 0.05500000000000001
0 0.05500000000000001
0 0.05500000000000001
0 0.05500000000000001
0 0.05500000000000001
0 0.05500000000000001
0 0.05500000000000001
0 0.05500000000000001
0 0.05500000000000001
0 0.05500000000000001
0 0.05500000000000001
0 0.05500000000000001
0 0.05500000000000001
0 0.05500000000000001
0 0.05500000000000001
-0.09401961386203765 0.20401961386203765
-0.9410784316062927 1
-0.3724509847164154 0.4824509847164154
0 0.05500000000000001
0 0.05500000000000001
0 0.05500000000000001
0 0.05500000000000001
0 0.05500000000000001
0 0.05500000000000001
0 0.05500000000000001
0 0.05500000000000001
0 0.05500000000000001
0 0.05500000000000001
0 0.05500000000000001
0 0.05500000000000001
0 0.05500000000000001
0 0.05500000000000001
0 0.05500000000000001
0 0.05500000000000001
0 0.05500000000000001
0 0.05500000000000001
0 0.05500000000000001
0 0.05500000000000001
0 0.05500000000000001
0 0.05500000000000001
0 0.05500000000000001
0 0.05500000000000001
0 0.05500000000000001
-0.28617648005485535 0.39617648005485534
-0.9332352948188781 1
-0.266568638086319 0.37656863808631896
0 0.05500000000000001
0 0.05500000000000001
0 0.05500000000000001
0 0.05500000000000001
0 0.05500000000000001
0 0.05500000000000001
0 0.05500000000000001
0 0.05500000000000001
0 0.05500000000000001
0 0.05500000000000001
0 0.05500000000000001
0 0.05500000000000001
0 0.05500000000000001
0 0.05500000000000001
0 0.05500000000000001
0 0.05500000000000001
0 0.05500000000000001
0 0.05500000000000001
0 0.05500000000000001
0 0.05500000000000001
0 0.05500000000000001
0 0.05500000000000001
0 0.05500000000000001
0 0.05500000000000001
0 0.05500000000000001
-0.47441179275512696 0.584411792755127
-0.8900980424880981 1
0 0.05500000000000001
0 0.05500000000000001
0 0.05500000000000001
0 0.05500000000000001
0 0.05500000000000001
0 0.05500000000000001
0 0.05500000000000001
0 0.05500000000000001
0 0.05500000000000001
0 0.05500000000000001
0 0.05500000000000001
0 0.05500000000000001
0 0.05500000000000001
0 0.05500000000000001
0 0.05500000000000001
0 0.05500000000000001
0 0.05500000000000001
0 0.05500000000000001
0 0.05500000000000001
0 0.05500000000000001
0 0.05500000000000001
0 0.05500000000000001
0 0.05500000000000001
0 0.05500000000000001
0 0.05500000000000001
-0.1214705926179886 0.23147059261798858
-0.9018627476692199 1
-0.533235318660736 0.6432353186607361
0 0.05500000000000001
0 0.05500000000000001
0 0.05500000000000001
0 0.05500000000000001
0 0.05500000000000001
0 0.05500000000000001
0 0.05500000000000001
0 0.05500000000000001
0 0.05500000000000001
0 0.05500000000000001
0 0.05500000000000001
0 0.05500000000000001
0 0.05500000000000001
0 0.05500000000000001
0 0.05500000000000001
0 0.05500000000000001
0 0.05500000000000001
0 0.05500000000000001
0 0.05500000000000001
0 0.05500000000000001
0 0.05500000000000001
0 0.05500000000000001
0 0.05500000000000001
0 0.05500000000000001
0 0.05500000000000001
-0.2744117748737335 0.3844117748737335
-0.9410784316062927 1
-0.19205882370471955 0.30205882370471954
0 0.05500000000000001
0 0.05500000000000001
0 0.05500000000000001
0 0.05500000000000001
0 0.05500000000000001
0 0.05500000000000001
0 0.05500000000000001
0 0.05500000000000001
0 0.05500000000000001
0 0.05500000000000001
0 0.05500000000000001
0 0.05500000000000001
0 0.05500000000000001
0 0.05500000000000001
0 0.05500000000000001
0 0.05500000000000001
0 0.05500000000000001
0 0.05500000000000001
0 0.05500000000000001
0 0.05500000000000001
0 0.05500000000000001
0 0.05500000000000001
0 0.05500000000000001
0 0.05500000000000001
0 0.05500000000000001
-0.7371568751335144 0.8471568751335145
-0.8195098114013671 0.9295098114013672
0 0.09813725605607033
0 0.05500000000000001
0 0.05500000000000001
0 0.05500000000000001
0 0.05500000000000001
0 0.05500000000000001
0 0.05500000000000001
0 0.05500000000000001
0 0.05500000000000001
0 0.05500000000000001
0 0.05500000000000001
0 0.05500000000000001
0 0.05500000000000001
0 0.05500000000000001
0 0.05500000000000001
0 0.05500000000000001
0 0.05500000000000001
0 0.05500000000000001
0 0.05500000000000001
0 0.05500000000000001
0 0.05500000000000001
0 0.05500000000000001
0 0.05500000000000001
0 0.05500000000000001
0 0.05500000000000001
-0.070490203499794 0.180490203499794
-0.9410784316062927 1
-0.7920588326454162 0.9020588326454163
0 0.05500000000000001
0 0.05500000000000001
0 0.05500000000000001
0 0.05500000000000001
0 0.05500000000000001
0 0.05500000000000001
0 0.05500000000000001
0 0.05500000000000001
0 0.05500000000000001
0 0.05500000000000001
0 0.05500000000000001
0 0.05500000000000001
0 0.05500000000000001
0 0.05500000000000001
0 0.05500000000000001
0 0.05500000000000001
0 0.05500000000000001
0 0.05500000000000001
0 0.05500000000000001
0 0.05500000000000001
0 0.05500000000000001
0 0.05500000000000001
0 0.05500000000000001
0 0.05500000000000001
0 0.05500000000000001
-0.31754902720451356 0.42754902720451354
-0.9410784316062927 1
-0.7097058963775634 0.8197058963775635
0 0.05500000000000001
0 0.05500000000000001
0 0.05500000000000001
0 0.05500000000000001
0 0.05500000000000001
0 0.05500000000000001
0 0.05500000000000001
0 0.05500000000000001
0 0.05500000000000001
0 0.05500000000000001
0 0.05500000000000001
0 0.05500000000000001
0 0.05500000000000001
0 0.05500000000000001
0 0.05500000000000001
0 0.05500000000000001
0 0.05500000000000001
0 0.05500000000000001
0 0.05500000000000001
0 0.05500000000000001
0 0.05500000000000001
0 0.05500000000000001
0 0.05500000000000001
0 0.05500000000000001
0 0.05500000000000001
-0.49401963472366334 0.6040196347236634
-0.9410784316062927 1
-0.2469607961177826 0.3569607961177826
0 0.05500000000000001
0 0.05500000000000001
0 0.05500000000000001
0 0.05500000000000001
0 0.05500000000000001
0 0.05500000000000001
0 0.05500000000000001
0 0.05500000000000001
0 0.05500000000000001
0 0.05500000000000001
0 0.05500000000000001
0 0.05500000000000001
0 0.05500000000000001
0 0.05500000000000001
0 0.05500000000000001
0 0.05500000000000001
0 0.05500000000000001
0 0.05500000000000001
0 0.05500000000000001
0 0.05500000000000001
0 0.05500000000000001
0 0.05500000000000001
0 0.05500000000000001
0 0.05500000000000001
-0.1685294133424759 0.2785294133424759
-0.874411768913269 0.9844117689132691
-0.7489215803146362 0.8589215803146363
0 0.08637255087494851
0 0.05500000000000001
0 0.05500000000000001
0 0.05500000000000001
0 0.05500000000000001
0 0.05500000000000001
0 0.05500000000000001
0 0.05500000000000001
0 0.05500000000000001
0 0.05500000000000001
0 0.05500000000000001
0 0.05500000000000001
0 0.05500000000000001
0 0.05500000000000001
0 0.05500000000000001
0 0.05500000000000001
0 0.05500000000000001
0 0.05500000000000001
0 0.05500000000000001
0 0.05500000000000001
0 0.05500000000000001
0 0.05500000000000001
0 0.05500000000000001
0 0.05500000000000001
0 0.05500000000000001
-0.43127451062202454 0.5412745106220246
-0.945 1
-0.5920588445663452 0.7020588445663453
0 0.05500000000000001
0 0.05500000000000001
0 0.05500000000000001
0 0.05500000000000001
0 0.05500000000000001
0 0.05500000000000001
0 0.05500000000000001
0 0.05500000000000001
0 0.05500000000000001
0 0.05500000000000001
0 0.05500000000000001
0 0.05500000000000001
0 0.05500000000000001
0 0.05500000000000001
0 0.05500000000000001
0 0.05500000000000001
0 0.05500000000000001
0 0.05500000000000001
0 0.05500000000000001
0 0.05500000000000001
0 0.05500000000000001
0 0.05500000000000001
0 0.05500000000000001
0 0.05500000000000001
0 0.05500000000000001
-0.6155882549285888 0.7255882549285889
-0.9410784316062927 1
-0.2626470696926117 0.3726470696926117
0 0.05500000000000001
0 0.05500000000000001
0 0.05500000000000001
0 0.05500000000000001
0 0.05500000000000001
0 0.05500000000000001
0 0.05500000000000001
0 0.05500000000000001
0 0.05500000000000001
0 0.05500000000000001
0 0.05500000000000001
0 0.05500000000000001
0 0.05500000000000001
0 0.05500000000000001
0 0.05500000000000001
0 0.05500000000000001
0 0.05500000000000001
0 0.05500000000000001
0 0.05500000000000001
0 0.05500000000000001
0 0.05500000000000001
0 0.05500000000000001
0 0.05500000000000001
0 0.05500000000000001
-0.0391176488995552 0.1491176488995552
-0.8548039269447326 0.9648039269447327
-0.7881372642517089 0.898137264251709
0 0.05500000000000001
0 0.05500000000000001
0 0.05500000000000001
0 0.05500000000000001
0 0.05500000000000001
0 0.05500000000000001
0 0.05500000000000001
0 0.05500000000000001
0 0.05500000000000001
0 0.05500000000000001
0 0.05500000000000001
0 0.05500000000000001
0 0.05500000000000001
0 0.05500000000000001
0 0.05500000000000001
0 0.05500000000000001
0 0.05500000000000001
0 0.05500000000000001
0 0.05500000000000001
0 0.05500000000000001
0 0.05500000000000001
0 0.05500000000000001
0 0.05500000000000001
0 0.05500000000000001
0 0.05500000000000001
-0.41558823704719544 0.5255882370471955
-0.9410784316062927 1
-0.5685294342041015 0.6785294342041016
0 0.05500000000000001
0 0.05500000000000001
0 0.05500000000000001
0 0.05500000000000001
0 0.05500000000000001
0 0.05500000000000001
0 0.05500000000000001
0 0.05500000000000001
0 0.05500000000000001
0 0.05500000000000001
0 0.05500000000000001
0 0.05500000000000001
0 0.05500000000000001
0 0.05500000000000001
0 0.05500000000000001
0 0.05500000000000001
0 0.05500000000000001
0 0.05500000000000001
0 0.05500000000000001
0 0.05500000000000001
0 0.05500000000000001
0 0.05500000000000001
0 0.05500000000000001
0 0.05500000000000001
0 0.05500000000000001
-0.5371568870544433 0.6471568870544434
-0.9410784316062927 1
-0.5018627715110778 0.6118627715110779
0 0.05500000000000001
0 0.05500000000000001
0 0.05500000000000001
0 0.05500000000000001
0 0.05500000000000001
0 0.05500000000000001
0 0.05500000000000001
0 0.05500000000000001
0 0.05500000000000001
0 0.05500000000000001
0 0.05500000000000001
0 0.05500000000000001
0 0.05500000000000001
0 0.05500000000000001
0 0.05500000000000001
0 0.05500000000000001
0 0.05500000000000001
0 0.05500000000000001
0 0.05500000000000001
0 0.05500000000000001
0 0.05500000000000001
0 0.05500000000000001
0 0.05500000000000001
0 0.05500000000000001
0 0.05500000000000001
-0.8391176533699035 0.9491176533699036
-0.9410784316062927 1
-0.20382354378700257 0.31382354378700256
0 0.05500000000000001
0 0.05500000000000001
0 0.05500000000000001
0 0.05500000000000001
0 0.05500000000000001
0 0.05500000000000001
0 0.05500000000000001
0 0.05500000000000001
0 0.05500000000000001
0 0.05500000000000001
0 0.05500000000000001
0 0.05500000000000001
0 0.05500000000000001
0 0.05500000000000001
0 0.05500000000000001
0 0.05500000000000001
0 0.05500000000000001
0 0.05500000000000001
0 0.05500000000000001
0 0.05500000000000001
0 0.05500000000000001
0 0.05500000000000001
0 0.05500000000000001
0 0.05500000000000001
-0.184215686917305 0.294215686917305
-0.9293137264251708 1
-0.9410784316062927 1
-0.20382354378700257 0.31382354378700256
0 0.05500000000000001
0 0.05500000000000001
0 0.05500000000000001
0 0.05500000000000001
0 0.05500000000000001
0 0.05500000000000001
0 0.05500000000000001
0 0.05500000000000001
0 0.05500000000000001
0 0.05500000000000001
0 0.05500000000000001
0 0.05500000000000001
0 0.05500000000000001
0 0.05500000000000001
0 0.05500000000000001
0 0.05500000000000001
0 0.05500000000000001
0 0.05500000000000001
0 0.05500000000000001
0 0.05500000000000001
0 0.05500000000000001
0 0.05500000000000001
0 0.05500000000000001
0 0.05500000000000001
-0.49794120311737056 0.6079412031173707
-0.9410784316062927 1
-0.7489215803146362 0.8589215803146363
0 0.06676470611244441
0 0.05500000000000001
0 0.05500000000000001
0 0.05500000000000001
0 0.05500000000000001
0 0.05500000000000001
0 0.05500000000000001
0 0.05500000000000001
0 0.05500000000000001
0 0.05500000000000001
0 0.05500000000000001
0 0.05500000000000001
0 0.05500000000000001
0 0.05500000000000001
0 0.05500000000000001
0 0.05500000000000001
0 0.05500000000000001
0 0.05500000000000001
0 0.05500000000000001
0 0.05500000000000001
0 0.05500000000000001
0 0.05500000000000001
0 0.05500000000000001
0 0.05500000000000001
0 0.09421568766236306
-0.7881372642517089 0.898137264251709
-0.9410784316062927 1
-0.4195098054409027 0.5295098054409028
0 0.05500000000000001
0 0.05500000000000001
0 0.05500000000000001
0 0.05500000000000001
0 0.05500000000000001
0 0.05500000000000001
0 0.05500000000000001
0 0.05500000000000001
0 0.05500000000000001
0 0.05500000000000001
0 0.05500000000000001
0 0.05500000000000001
0 0.05500000000000001
0 0.05500000000000001
0 0.05500000000000001
0 0.05500000000000001
0 0.05500000000000001
0 0.05500000000000001
0 0.05500000000000001
0 0.05500000000000001
0 0.05500000000000001
0 0.05500000000000001
0 0.05500000000000001
0 0.05500000000000001
0 0.07460784383118153
-0.7214706015586853 0.8314706015586854
-0.6351960968971252 0.7451960968971253
0 0.09421568766236306
0 0.05500000000000001
0 0.05500000000000001
0 0.05500000000000001
0 0.05500000000000001
0 0.05500000000000001
0 0.05500000000000001
0 0.05500000000000001
0 0.05500000000000001
0 0.05500000000000001
0 0.05500000000000001
0 0.05500000000000001
0 0.05500000000000001
0 0.05500000000000001
0 0.05500000000000001
0 0.05500000000000001
0 0.05500000000000001
0 0.05500000000000001
0 0.05500000000000001
0 0.05500000000000001
0 0.05500000000000001
0 0.05500000000000001
0 0.05500000000000001
0 0.05500000000000001
0 0.05500000000000001
0 0.05500000000000001
0 0.05500000000000001
0 0.05500000000000001
0 0.05500000000000001
0 0.05500000000000001
0 0.05500000000000001
0 0.05500000000000001
0 0.05500000000000001
0 0.05500000000000001
0 0.05500000000000001
0 0.05500000000000001
0 0.05500000000000001
0 0.05500000000000001
0 0.05500000000000001
0 0.05500000000000001
0 0.05500000000000001
0 0.05500000000000001
0 0.05500000000000001
0 0.05500000000000001
0 0.05500000000000001
0 0.05500000000000001
0 0.05500000000000001
0 0.05500000000000001
0 0.05500000000000001
0 0.05500000000000001
0 0.05500000000000001
0 0.05500000000000001
0 0.05500000000000001
0 0.05500000000000001
0 0.05500000000000001
0 0.05500000000000001
0 0.05500000000000001
0 0.05500000000000001
0 0.05500000000000001
0 0.05500000000000001
0 0.05500000000000001
0 0.05500000000000001
0 0.05500000000000001
0 0.05500000000000001
0 0.05500000000000001
0 0.05500000000000001
0 0.05500000000000001
0 0.05500000000000001
0 0.05500000000000001
0 0.05500000000000001
0 0.05500000000000001
0 0.05500000000000001
0 0.05500000000000001
0 0.05500000000000001
0 0.05500000000000001
0 0.05500000000000001
0 0.05500000000000001
0 0.05500000000000001
0 0.05500000000000001
0 0.05500000000000001
0 0.05500000000000001
0 0.05500000000000001
0 0.05500000000000001
0 0.05500000000000001
0 0.05500000000000001
0 0.05500000000000001
0 0.05500000000000001
0 0.05500000000000001
0 0.05500000000000001
0 0.05500000000000001
0 0.05500000000000001
0 0.05500000000000001
0 0.05500000000000001
0 0.05500000000000001
0 0.05500000000000001
0 0.05500000000000001
0 0.05500000000000001
0 0.05500000000000001
0 0.05500000000000001
0 0.05500000000000001
0 0.05500000000000001
0 0.05500000000000001
0 0.05500000000000001
0 0.05500000000000001
0 0.05500000000000001
0 0.05500000000000001
0 0.05500000000000001
0 0.05500000000000001
0 0.05500000000000001
0 0.05500000000000001
0 0.05500000000000001
0 0.05500000000000001
0 0.05500000000000001
0 0.05500000000000001
0 0.05500000000000001
0 0.05500000000000001
0 0.05500000000000001
0 0.05500000000000001
0 0.05500000000000001
0 0.05500000000000001
0 0.05500000000000001
0 0.05500000000000001
0 0.05500000000000001
0 0.05500000000000001
0 0.05500000000000001
0 0.05500000000000001
0 0.05500000000000001

-2.079 8.3623
1.7249 3.369
0.3201 3.4932
1.4913 2.309
1.0285 2.9906

-1.187 5.7645
2.0653 1.5138
7.3498 0.5874
-0.9584 8.079
0.459 3.8488

0.1511 4.4548
-0.8589 4.9915
-1.0514 11.7317
-1.7607 9.0862
0.7567 3.1223

11.2233 1.701
2.2899 9.4053
2.4249 4.0165
1.6768 2.7269
10.3226 -0.0845
3.6864 2.9096
0.001 0.001
10.9535 1.322
0.1452 2.5037
6.6635 -1.5193

