0 1
0 1
0 1
0 1
0 1
0 1
0 1
0 1
0 1
0 1
0 1
0 1
0 1
0 1
0 1
0 1
0 1
0 1
0 1
0 1
0 1
0 1
0 1
0 1
0 1
0 1
0 1
0 1
0 1
0 1
0 1
0 1
0 1
0 1
0 1
0 1
0 1
0 1
0 1
0 1
0 1
0 1
0 1
0 1
0 1
0 1
0 1
0 1
0 1
0 1
0 1
0 1
0 1
0 1
0 1
0 1
0 1
0 1
0 1
0 1
0 1
0 1
0 1
0 1
0 1
0 1
0 1
0 1
0 1
0 1
0 1
0 1
0 1
0 1
0 1
0 1
0 1
0 1
0 1
0 1
0 1
0 1
0 1
0 1
0 1
0 1
0 1
0 1
0 1
0 1
0 1
0 1
0 1
0 1
0 1
0 1
0 1
0 1
0 1
0 1
0 1
0 1
0 1
0 1
0 1
0 1
0 1
0 1
0 1
0 1
0 1
0 1
0 1
0 1
0 1
0 1
0 1
0 1
0 1
0 1
0 1
0 1
0 1
0 1
0 1
0 1
0 1
0 1
0 1
0 1
0 1
0 1
0 1
0 1
0 1
0 1
0 1
0 1
0 1
0 1
0 1
0 1
0 1
0 1
0 1
0 1
0 1
0 1
0 1
0 1
0 1
0 1
0 1
0 1
0 1
0 1
0 1
0 1
0 1
0 1
0 1
0 1
0 1
0 1
0 1
0 1
0 1
0 1
0 1
0 1
0 1
0 1
0 1
0 1
0 1
0 1
0 1
0 1
0 1
0 1
0 1
0 1
0 1
0 1
0 1
0 1
0 1
0 1
0 1
0 1
0 1
0 1
0 1
0 1
0 1
0 1
0 1
0 1
0 1
0 1
0 1
0 1
0 1
0 1
0 1
0 1
0 1
0 1
0 1
0 1
0 1
0 1
0 1
0 1
0 1
0 1
0 1
0 1
0 1
0 1
0 1
0 1
0 1
0 1
0 1
0 1
0 1
0 1
0 1
0 1
0 1
0 1
0 1
0 1
0 1
0 1
0 1
0 1
0 1
0 1
0 1
0 1
0 1
0 1
0 1
0 1
0 1
0 1
0 1
0 1
0 1
0 1
0 1
0 1
0 1
0 1
0 1
0 1
0 1
0 1
0 1
0 1
0 1
0 1
0 1
0 1
0 1
0 1
0 1
0 1
0 1
0 1
0 1
0 1
0 1
0 1
0 1
0 1
0 1
0 1
0 1
0 1
0 1
0 1
0 1
0 1
0 1
0 1
0 1
0 1
0 1
0 1
0 1
0 1
0 1
0 1
0 1
0 1
0 1
0 1
0 1
0 1
0 1
0 1
0 1
0 1
0 1
0 1
0 1
0 1
0 1
0 1
0 1
0 1
0 1
0 1
0 1
0 1
0 1
0 1
0 1
0 1
0 1
0 1
0 1
0 1
0 1
0 1
0 1
0 1
0 1
0 1
0 1
0 1
0 1
0 1
0 1
0 1
0 1
0 1
0 1
0 1
0 1
0 1
0 1
0 1
0 1
0 1
0 1
0 1
0 1
0 1
0 1
0 1
0 1
0 1
0 1
0 1
0 1
0 1
0 1
0 1
0 1
0 1
0 1
0 1
0 1
0 1
0 1
0 1
0 1
0 1
0 1
0 1
0 1
0 1
0 1
0 1
0 1
0 1
0 1
0 1
0 1
0 1
0 1
0 1
0 1
0 1
0 1
0 1
0 1
0 1
0 1
0 1
0 1
0 1
0 1
0 1
0 1
0 1
0 1
0 1
0 1
0 1
0 1
0 1
0 1
0 1
0 1
0 1
0 1
0 1
0 1
0 1
0 1
0 1
0 1
0 1
0 1
0 1
0 1
0 1
0 1
0 1
0 1
0 1
0 1
0 1
0 1
0 1
0 1
0 1
0 1
0 1
0 1
0 1
0 1
0 1
0 1
0 1
0 1
0 1
0 1
0 1
0 1
0 1
0 1
0 1
0 1
0 1
0 1
0 1
0 1
0 1
0 1
0 1
0 1
0 1
0 1
0 1
0 1
0 1
0 1
0 1
0 1
0 1
0 1
0 1
0 1
0 1
0 1
0 1
0 1
0 1
0 1
0 1
0 1
0 1
0 1
0 1
0 1
0 1
0 1
0 1
0 1
0 1
0 1
0 1
0 1
0 1
0 1
0 1
0 1
0 1
0 1
0 1
0 1
0 1
0 1
0 1
0 1
0 1
0 1
0 1
0 1
0 1
0 1
0 1
0 1
0 1
0 1
0 1
0 1
0 1
0 1
0 1
0 1
0 1
0 1
0 1
0 1
0 1
0 1
0 1
0 1
0 1
0 1
0 1
0 1
0 1
0 1
0 1
0 1
0 1
0 1
0 1
0 1
0 1
0 1
0 1
0 1
0 1
0 1
0 1
0 1
0 1
0 1
0 1
0 1
0 1
0 1
0 1
0 1
0 1
0 1
0 1
0 1
0 1
0 1
0 1
0 1
0 1
0 1
0 1
0 1
0 1
0 1
0 1
0 1
0 1
0 1
0 1
0 1
0 1
0 1
0 1
0 1
0 1
0 1
0 1
0 1
0 1
0 1
0 1
0 1
0 1
0 1
0 1
0 1
0 1
0 1
0 1
0 1
0 1
0 1
0 1
0 1
0 1
0 1
0 1
0 1
0 1
0 1
0 1
0 1
0 1
0 1
0 1
0 1
0 1
0 1
0 1
0 1
0 1
0 1
0 1
0 1
0 1
0 1
0 1
0 1
0 1
0 1
0 1
0 1
0 1
0 1
0 1
0 1
0 1
0 1
0 1
0 1
0 1
0 1
0 1
0 1
0 1
0 1
0 1
0 1
0 1
0 1
0 1
0 1
0 1
0 1
0 1
0 1
0 1
0 1
0 1
0 1
0 1
0 1
0 1
0 1
0 1
0 1
0 1
0 1
0 1
0 1
0 1
0 1
0 1
0 1
0 1
0 1
0 1
0 1
0 1
0 1
0 1
0 1
0 1
0 1
0 1
0 1
0 1
0 1
0 1
0 1
0 1
0 1
0 1
0 1
0 1
0 1
0 1
0 1
0 1
0 1
0 1
0 1
0 1
0 1
0 1
0 1
0 1
0 1
0 1
0 1
0 1
0 1
0 1
0 1
0 1
0 1
0 1
0 1
0 1
0 1
0 1
0 1
0 1
0 1
0 1
0 1
0 1
0 1
0 1
0 1
0 1
0 1
0 1
0 1
0 1
0 1
0 1
0 1
0 1
0 1
0 1
0 1
0 1
0 1
0 1
0 1
0 1
0 1
0 1
0 1
0 1
0 1
0 1
0 1
0 1
0 1
0 1
0 1
0 1
0 1
0 1
0 1
0 1
0 1
0 1
0 1
0 1
0 1
0 1
0 1
0 1
0 1
0 1
0 1
0 1
0 1
0 1
0 1
0 1
0 1
0 1
0 1
0 1
0 1
0 1
0 1
0 1
0 1
0 1
0 1
0 1

42.24920475392719 50.93235604156507
35.98670890717767 55.17274251236813
40.42848917840456 48.98499733458448
36.021219218251645 70.45314592469367
8.077102166726036 5.673532510243604
52.54457750026995 54.72499996732222
32.986298963282024 53.78739017424232
37.42006325913826 46.67830037936801
28.10446902696276 52.985865406066296
8.78820311720483 5.668362551903556
57.82936941162916 47.63217273421469
33.945823402216774 62.12344242457766
58.68912442686269 44.02404883231793
43.47886999743059 55.61683289683424
45.2252415706771 39.12169353206991
55.845010375924176 35.72478241416684
50.81744913659168 38.88536959930207
26.85506112803705 62.6533082613023
48.16703460265853 46.48078467595042
8.923047652773676 5.11389865790261
44.6691458595742 64.47194582858356
30.828294505306985 75.422997425223
59.73902115045348 62.647508834459586
41.51803826208925 44.68476134899538
51.807664949214086 51.62136366445338

100.41590932312626 121.7676785863313
137.73550996802973 142.461315304028
61.23782643009613 156.8704608220415
71.24269910443114 163.81031913373374
82.76340959763537 26.84347316907007
82.17881187407164 126.59533415039743
75.39481288300134 201.99927954751402
125.6580818494143 144.34186463536162
79.70615170987114 145.9774779011632
112.23318661890613 129.18327039771833
87.13833061609866 143.51049747318518
81.61924654187271 100.90401109731212
144.82589900164504 113.05759296084504
153.1301546172247 118.69627092673436
55.82860002504936 141.3836671339135
106.05077704710467 114.24836843832527
95.89556762472314 177.8594243295963
86.56265299579532 96.17342443789671
104.09888335354859 79.12756400145835
116.57999099436914 36.87604710040074
71.55495134998293 170.60617872299846
76.50174132017897 182.75504785982443
37.21323415333295 185.01508338999992
82.94104003816665 143.81162987335932
108.58032966193034 101.32772803157069

174.25405873242815 392.78072927218255
259.2977441978745 422.3871693148916
184.90121723907265 99.21398464996227
419.14318998948335 472.8978189301029
370.9948342586669 397.0976735641712
244.2204054443925 646.5149899171587
439.0973256153512 296.42738265787887
203.2586874127296 396.3249862936155
250.3463153878236 423.5617830510099
364.63759723220693 480.8786736632941
260.38426919765243 405.60333165663536
258.8129821813943 505.17929214693794
277.99438488713224 357.35360121961844
166.6009394019037 93.65705600639264
197.93822562596247 396.02499733755286
242.30666408145277 304.36626653979465
192.44352664381154 87.85461349403668
271.36356796405187 372.0101270228786
235.02162005327645 477.4593244665287
341.92338094881063 469.0553052358003
255.9227855747209 362.81351499407765
245.5539175297478 405.53783863480726
216.79858460410927 519.3472198887871
253.81966169936373 527.1977365727898
386.3215654197268 303.5906814748887

1694.6429320047703 794.4763864851525
630.269295165692 202.00815388333137
1253.4789768906367 896.5379874988737
1439.6518218693916 1068.0304150848842
621.7090210772218 199.9887705941089
1290.0469677819856 1247.7713065236792
1907.590767416393 1154.3004946716123
1306.3767835516433 1128.4661598523223
852.6569678225388 285.4100015842012
1889.7320600037801 1133.176098418137

