0 0.05
0 0.05
0 0.05
0 0.05
0 0.05
0 0.05
0 0.05
0 0.05
0 0.05
0 0.05
0 0.05
0 0.05
0 0.05
0 0.05
0 0.05
0 0.05
0 0.05
0 0.05
0 0.05
0 0.05
0 0.05
0 0.05
0 0.05
0 0.05
0 0.05
0 0.05
0 0.05
0 0.05
0 0.05
0 0.05
0 0.05
0 0.05
0 0.05
0 0.05
0 0.05
0 0.05
0 0.05
0 0.05
0 0.05
0 0.05
0 0.05
0 0.05
0 0.05
0 0.05
0 0.05
0 0.05
0 0.05
0 0.05
0 0.05
0 0.05
0 0.05
0 0.05
0 0.05
0 0.05
0 0.05
0 0.05
0 0.05
0 0.05
0 0.05
0 0.05
0 0.05
0 0.05
0 0.05
0 0.05
0 0.05
0 0.05
0 0.05
0 0.05
0 0.05
0 0.05
0 0.05
0 0.05
0 0.05
0 0.05
0 0.05
0 0.05
0 0.05
0 0.05
0 0.05
0 0.05
0 0.05
0 0.05
0 0.05
0 0.05
0 0.05
0 0.05
0 0.05
0 0.05
0 0.05
0 0.05
0 0.05
0 0.05
0 0.05
0 0.05
0 0.05
0 0.05
0 0.05
0 0.05
0 0.05
0 0.05
0 0.05
0 0.05
0 0.05
0 0.05
0 0.05
0 0.05
0 0.05
0 0.05
0 0.05
0 0.05
0 0.05
0 0.05
0 0.05
0 0.05
0 0.05
0 0.05
0 0.05
0 0.05
0 0.05
0 0.05
0 0.05
0 0.05
0 0.05
0 0.05
0 0.05
0 0.05
0 0.05
0 0.05
-0.09901961386203766 0.19901961386203765
-0.9460784316062927 1
-0.3774509847164154 0.4774509847164154
0 0.05
0 0.05
0 0.05
0 0.05
0 0.05
0 0.05
0 0.05
0 0.05
0 0.05
0 0.05
0 0.05
0 0.05
0 0.05
0 0.05
0 0.05
0 0.05
0 0.05
0 0.05
0 0.05
0 0.05
0 0.05
0 0.05
0 0.05
0 0.05
0 0.05
-0.29117648005485536 0.39117648005485534
-0.9382352948188781 1
-0.271568638086319 0.37156863808631896
0 0.05
0 0.05
0 0.05
0 0.05
0 0.05
0 0.05
0 0.05
0 0.05
0 0.05
0 0.05
0 0.05
0 0.05
0 0.05
0 0.05
0 0.05
0 0.05
0 0.05
0 0.05
0 0.05
0 0.05
0 0.05
0 0.05
0 0.05
0 0.05
0 0.05
-0.47941179275512696 0.579411792755127
-0.8950980424880981 0.9950980424880982
0 0.05
0 0.05
0 0.05
0 0.05
0 0.05
0 0.05
0 0.05
0 0.05
0 0.05
0 0.05
0 0.05
0 0.05
0 0.05
0 0.05
0 0.05
0 0.05
0 0.05
0 0.05
0 0.05
0 0.05
0 0.05
0 0.05
0 0.05
0 0.05
0 0.05
-0.1264705926179886 0.22647059261798858
-0.9068627476692199 1
-0.538235318660736 0.6382353186607361
0 0.05
0 0.05
0 0.05
0 0.05
0 0.05
0 0.05
0 0.05
0 0.05
0 0.05
0 0.05
0 0.05
0 0.05
0 0.05
0 0.05
0 0.05
0 0.05
0 0.05
0 0.05
0 0.05
0 0.05
0 0.05
0 0.05
0 0.05
0 0.05
0 0.05
-0.27941177487373353 0.3794117748737335
-0.9460784316062927 1
-0.19705882370471955 0.29705882370471953
0 0.05
0 0.05
0 0.05
0 0.05
0 0.05
0 0.05
0 0.05
0 0.05
0 0.05
0 0.05
0 0.05
0 0.05
0 0.05
0 0.05
0 0.05
0 0.05
0 0.05
0 0.05
0 0.05
0 0.05
0 0.05
0 0.05
0 0.05
0 0.05
0 0.05
-0.7421568751335144 0.8421568751335144
-0.8245098114013671 0.9245098114013672
0 0.09313725605607033
0 0.05
0 0.05
0 0.05
0 0.05
0 0.05
0 0.05
0 0.05
0 0.05
0 0.05
0 0.05
0 0.05
0 0.05
0 0.05
0 0.05
0 0.05
0 0.05
0 0.05
0 0.05
0 0.05
0 0.05
0 0.05
0 0.05
0 0.05
0 0.05
-0.075490203499794 0.175490203499794
-0.9460784316062927 1
-0.7970588326454162 0.8970588326454163
0 0.05
0 0.05
0 0.05
0 0.05
0 0.05
0 0.05
0 0.05
0 0.05
0 0.05
0 0.05
0 0.05
0 0.05
0 0.05
0 0.05
0 0.05
0 0.05
0 0.05
0 0.05
0 0.05
0 0.05
0 0.05
0 0.05
0 0.05
0 0.05
0 0.05
-0.32254902720451356 0.42254902720451354
-0.9460784316062927 1
-0.7147058963775634 0.8147058963775635
0 0.05
0 0.05
0 0.05
0 0.05
0 0.05
0 0.05
0 0.05
0 0.05
0 0.05
0 0.05
0 0.05
0 0.05
0 0.05
0 0.05
0 0.05
0 0.05
0 0.05
0 0.05
0 0.05
0 0.05
0 0.05
0 0.05
0 0.05
0 0.05
0 0.05
-0.49901963472366334 0.5990196347236634
-0.9460784316062927 1
-0.2519607961177826 0.3519607961177826
0 0.05
0 0.05
0 0.05
0 0.05
0 0.05
0 0.05
0 0.05
0 0.05
0 0.05
0 0.05
0 0.05
0 0.05
0 0.05
0 0.05
0 0.05
0 0.05
0 0.05
0 0.05
0 0.05
0 0.05
0 0.05
0 0.05
0 0.05
0 0.05
-0.1735294133424759 0.2735294133424759
-0.879411768913269 0.9794117689132691
-0.7539215803146362 0.8539215803146363
0 0.0813725508749485
0 0.05
0 0.05
0 0.05
0 0.05
0 0.05
0 0.05
0 0.05
0 0.05
0 0.05
0 0.05
0 0.05
0 0.05
0 0.05
0 0.05
0 0.05
0 0.05
0 0.05
0 0.05
0 0.05
0 0.05
0 0.05
0 0.05
0 0.05
0 0.05
-0.43627451062202455 0.5362745106220246
-0.95 1
-0.5970588445663452 0.6970588445663453
0 0.05
0 0.05
0 0.05
0 0.05
0 0.05
0 0.05
0 0.05
0 0.05
0 0.05
0 0.05
0 0.05
0 0.05
0 0.05
0 0.05
0 0.05
0 0.05
0 0.05
0 0.05
0 0.05
0 0.05
0 0.05
0 0.05
0 0.05
0 0.05
0 0.05
-0.6205882549285888 0.7205882549285889
-0.9460784316062927 1
-0.2676470696926117 0.3676470696926117
0 0.05
0 0.05
0 0.05
0 0.05
0 0.05
0 0.05
0 0.05
0 0.05
0 0.05
0 0.05
0 0.05
0 0.05
0 0.05
0 0.05
0 0.05
0 0.05
0 0.05
0 0.05
0 0.05
0 0.05
0 0.05
0 0.05
0 0.05
0 0.05
-0.044117648899555204 0.1441176488995552
-0.8598039269447326 0.9598039269447327
-0.7931372642517089 0.893137264251709
0 0.05
0 0.05
0 0.05
0 0.05
0 0.05
0 0.05
0 0.05
0 0.05
0 0.05
0 0.05
0 0.05
0 0.05
0 0.05
0 0.05
0 0.05
0 0.05
0 0.05
0 0.05
0 0.05
0 0.05
0 0.05
0 0.05
0 0.05
0 0.05
0 0.05
-0.42058823704719545 0.5205882370471955
-0.9460784316062927 1
-0.5735294342041015 0.6735294342041016
0 0.05
0 0.05
0 0.05
0 0.05
0 0.05
0 0.05
0 0.05
0 0.05
0 0.05
0 0.05
0 0.05
0 0.05
0 0.05
0 0.05
0 0.05
0 0.05
0 0.05
0 0.05
0 0.05
0 0.05
0 0.05
0 0.05
0 0.05
0 0.05
0 0.05
-0.5421568870544433 0.6421568870544434
-0.9460784316062927 1
-0.5068627715110778 0.6068627715110779
0 0.05
0 0.05
0 0.05
0 0.05
0 0.05
0 0.05
0 0.05
0 0.05
0 0.05
0 0.05
0 0.05
0 0.05
0 0.05
0 0.05
0 0.05
0 0.05
0 0.05
0 0.05
0 0.05
0 0.05
0 0.05
0 0.05
0 0.05
0 0.05
0 0.05
-0.8441176533699035 0.9441176533699036
-0.9460784316062927 1
-0.20882354378700257 0.30882354378700255
0 0.05
0 0.05
0 0.05
0 0.05
0 0.05
0 0.05
0 0.05
0 0.05
0 0.05
0 0.05
0 0.05
0 0.05
0 0.05
0 0.05
0 0.05
0 0.05
0 0.05
0 0.05
0 0.05
0 0.05
0 0.05
0 0.05
0 0.05
0 0.05
-0.189215686917305 0.289215686917305
-0.9343137264251709 1
-0.9460784316062927 1
-0.20882354378700257 0.30882354378700255
0 0.05
0 0.05
0 0.05
0 0.05
0 0.05
0 0.05
0 0.05
0 0.05
0 0.05
0 0.05
0 0.05
0 0.05
0 0.05
0 0.05
0 0.05
0 0.05
0 0.05
0 0.05
0 0.05
0 0.05
0 0.05
0 0.05
0 0.05
0 0.05
-0.5029412031173706 0.6029412031173706
-0.9460784316062927 1
-0.7539215803146362 0.8539215803146363
0 0.061764706112444404
0 0.05
0 0.05
0 0.05
0 0.05
0 0.05
0 0.05
0 0.05
0 0.05
0 0.05
0 0.05
0 0.05
0 0.05
0 0.05
0 0.05
0 0.05
0 0.05
0 0.05
0 0.05
0 0.05
0 0.05
0 0.05
0 0.05
0 0.05
0 0.08921568766236306
-0.7931372642517089 0.893137264251709
-0.9460784316062927 1
-0.4245098054409027 0.5245098054409028
0 0.05
0 0.05
0 0.05
0 0.05
0 0.05
0 0.05
0 0.05
0 0.05
0 0.05
0 0.05
0 0.05
0 0.05
0 0.05
0 0.05
0 0.05
0 0.05
0 0.05
0 0.05
0 0.05
0 0.05
0 0.05
0 0.05
0 0.05
0 0.05
0 0.06960784383118153
-0.7264706015586853 0.8264706015586853
-0.6401960968971252 0.7401960968971253
0 0.08921568766236306
0 0.05
0 0.05
0 0.05
0 0.05
0 0.05
0 0.05
0 0.05
0 0.05
0 0.05
0 0.05
0 0.05
0 0.05
0 0.05
0 0.05
0 0.05
0 0.05
0 0.05
0 0.05
0 0.05
0 0.05
0 0.05
0 0.05
0 0.05
0 0.05
0 0.05
0 0.05
0 0.05
0 0.05
0 0.05
0 0.05
0 0.05
0 0.05
0 0.05
0 0.05
0 0.05
0 0.05
0 0.05
0 0.05
0 0.05
0 0.05
0 0.05
0 0.05
0 0.05
0 0.05
0 0.05
0 0.05
0 0.05
0 0.05
0 0.05
0 0.05
0 0.05
0 0.05
0 0.05
0 0.05
0 0.05
0 0.05
0 0.05
0 0.05
0 0.05
0 0.05
0 0.05
0 0.05
0 0.05
0 0.05
0 0.05
0 0.05
0 0.05
0 0.05
0 0.05
0 0.05
0 0.05
0 0.05
0 0.05
0 0.05
0 0.05
0 0.05
0 0.05
0 0.05
0 0.05
0 0.05
0 0.05
0 0.05
0 0.05
0 0.05
0 0.05
0 0.05
0 0.05
0 0.05
0 0.05
0 0.05
0 0.05
0 0.05
0 0.05
0 0.05
0 0.05
0 0.05
0 0.05
0 0.05
0 0.05
0 0.05
0 0.05
0 0.05
0 0.05
0 0.05
0 0.05
0 0.05
0 0.05
0 0.05
0 0.05
0 0.05
0 0.05
0 0.05
0 0.05
0 0.05
0 0.05
0 0.05
0 0.05
0 0.05
0 0.05
0 0.05
0 0.05
0 0.05
0 0.05
0 0.05
0 0.05
0 0.05

-0.8456473394199335 4.510115567732212
-2.1282324124136016 5.270147039051602
0.3747386659240552 2.9582287801670826
1.5673030675889312 1.71870811364214
0.42476985863455524 3.4527318967822134
1.7957516092348078 1.513469658679686
2.283834849441936 0.8268201087717959
-3.1620288000819636 6.684490633817312
-2.607533238916282 6.029690470996999
0.010577960742986912 3.226757308827069

2.387114122928128 6.2024276740243405
5.110844259032923 4.62264430684669
2.381492433102735 6.327547875574522
3.2048621490542715 6.506919346198023
-0.6387349789653334 9.76807349189841
1.65638462634612 4.3505300788574734
1.2664141588133306 8.63753944048581
2.255397410151469 7.7725583539659135
-1.3892492011750668 8.99471681567906
4.5230716588805775 6.247182940840256

3.879693572880269 17.53151808907619
6.143540324644422 13.762126780766788
7.86149350853795 16.324509444018574
5.853773888032311 8.300616314117164
5.616077749326898 14.873438317690029
8.697332030156526 15.333583026644826
5.510737873831717 18.555990927264055
11.619110928821216 14.351198741100083
7.3019353437425565 11.623224454531199
4.528568968589759 12.287914875550873

33.816296969651276 18.198380257965198
27.543778270081724 25.873218508849238
19.1078908106629 19.65996312727175
18.15683180122429 26.41713003845493
28.066299286822897 26.96039690323338
24.193292193344373 23.8867507676896
26.42301565639476 21.994927717347828
25.29350021201554 28.550911068655786
19.697022861425136 21.956732255562105
22.761320241631253 28.652237952126058

