0 0.05
0 0.05
0 0.05
0 0.05
0 0.05
0 0.05
0 0.05
0 0.05
0 0.05
0 0.05
0 0.05
0 0.05
0 0.05
0 0.05
0 0.05
0 0.05
0 0.05
0 0.05
0 0.05
0 0.05
0 0.05
0 0.05
0 0.05
0 0.05
0 0.05
0 0.05
0 0.05
0 0.05
0 0.05
0 0.05
0 0.05
0 0.05
0 0.05
0 0.05
0 0.05
0 0.05
0 0.05
0 0.05
0 0.05
0 0.05
0 0.05
0 0.05
0 0.05
0 0.05
0 0.05
0 0.05
0 0.05
0 0.05
0 0.05
0 0.05
0 0.05
0 0.05
0 0.05
0 0.05
0 0.05
0 0.05
0 0.05
0 0.05
0 0.05
0 0.05
0 0.05
0 0.05
0 0.05
0 0.05
0 0.05
0 0.05
0 0.05
0 0.05
0 0.05
0 0.05
0 0.05
0 0.05
0 0.05
0 0.05
0 0.05
0 0.05
0 0.05
0 0.05
0 0.05
0 0.05
0 0.05
0 0.05
0 0.05
0 0.05
0 0.05
0 0.05
0 0.05
0 0.05
0 0.05
0 0.05
0 0.05
0 0.05
0 0.05
0 0.05
0 0.05
0 0.05
0 0.05
0 0.05
0 0.05
0 0.05
0 0.05
0 0.05
0 0.05
0 0.05
0 0.05
0 0.05
0 0.05
0 0.05
0 0.05
0 0.05
0 0.05
0 0.05
0 0.05
0 0.05
0 0.05
0 0.05
0 0.05
0 0.05
0 0.05
0 0.05
0 0.05
0 0.05
0 0.05
0 0.05
0 0.05
0 0.05
0 0.05
0 0.05
-0.09901961386203766 0.19901961386203765
-0.9460784316062927 1
-0.3774509847164154 0.4774509847164154
0 0.05
0 0.05
0 0.05
0 0.05
0 0.05
0 0.05
0 0.05
0 0.05
0 0.05
0 0.05
0 0.05
0 0.05
0 0.05
0 0.05
0 0.05
0 0.05
0 0.05
0 0.05
0 0.05
0 0.05
0 0.05
0 0.05
0 0.05
0 0.05
0 0.05
-0.29117648005485536 0.39117648005485534
-0.9382352948188781 1
-0.271568638086319 0.37156863808631896
0 0.05
0 0.05
0 0.05
0 0.05
0 0.05
0 0.05
0 0.05
0 0.05
0 0.05
0 0.05
0 0.05
0 0.05
0 0.05
0 0.05
0 0.05
0 0.05
0 0.05
0 0.05
0 0.05
0 0.05
0 0.05
0 0.05
0 0.05
0 0.05
0 0.05
-0.47941179275512696 0.579411792755127
-0.8950980424880981 0.9950980424880982
0 0.05
0 0.05
0 0.05
0 0.05
0 0.05
0 0.05
0 0.05
0 0.05
0 0.05
0 0.05
0 0.05
0 0.05
0 0.05
0 0.05
0 0.05
0 0.05
0 0.05
0 0.05
0 0.05
0 0.05
0 0.05
0 0.05
0 0.05
0 0.05
0 0.05
-0.1264705926179886 0.22647059261798858
-0.9068627476692199 1
-0.538235318660736 0.6382353186607361
0 0.05
0 0.05
0 0.05
0 0.05
0 0.05
0 0.05
0 0.05
0 0.05
0 0.05
0 0.05
0 0.05
0 0.05
0 0.05
0 0.05
0 0.05
0 0.05
0 0.05
0 0.05
0 0.05
0 0.05
0 0.05
0 0.05
0 0.05
0 0.05
0 0.05
-0.27941177487373353 0.3794117748737335
-0.9460784316062927 1
-0.19705882370471955 0.29705882370471953
0 0.05
0 0.05
0 0.05
0 0.05
0 0.05
0 0.05
0 0.05
0 0.05
0 0.05
0 0.05
0 0.05
0 0.05
0 0.05
0 0.05
0 0.05
0 0.05
0 0.05
0 0.05
0 0.05
0 0.05
0 0.05
0 0.05
0 0.05
0 0.05
0 0.05
-0.7421568751335144 0.8421568751335144
-0.8245098114013671 0.9245098114013672
0 0.09313725605607033
0 0.05
0 0.05
0 0.05
0 0.05
0 0.05
0 0.05
0 0.05
0 0.05
0 0.05
0 0.05
0 0.05
0 0.05
0 0.05
0 0.05
0 0.05
0 0.05
0 0.05
0 0.05
0 0.05
0 0.05
0 0.05
0 0.05
0 0.05
0 0.05
-0.075490203499794 0.175490203499794
-0.9460784316062927 1
-0.7970588326454162 0.8970588326454163
0 0.05
0 0.05
0 0.05
0 0.05
0 0.05
0 0.05
0 0.05
0 0.05
0 0.05
0 0.05
0 0.05
0 0.05
0 0.05
0 0.05
0 0.05
0 0.05
0 0.05
0 0.05
0 0.05
0 0.05
0 0.05
0 0.05
0 0.05
0 0.05
0 0.05
-0.32254902720451356 0.42254902720451354
-0.9460784316062927 1
-0.7147058963775634 0.8147058963775635
0 0.05
0 0.05
0 0.05
0 0.05
0 0.05
0 0.05
0 0.05
0 0.05
0 0.05
0 0.05
0 0.05
0 0.05
0 0.05
0 0.05
0 0.05
0 0.05
0 0.05
0 0.05
0 0.05
0 0.05
0 0.05
0 0.05
0 0.05
0 0.05
0 0.05
-0.49901963472366334 0.5990196347236634
-0.9460784316062927 1
-0.2519607961177826 0.3519607961177826
0 0.05
0 0.05
0 0.05
0 0.05
0 0.05
0 0.05
0 0.05
0 0.05
0 0.05
0 0.05
0 0.05
0 0.05
0 0.05
0 0.05
0 0.05
0 0.05
0 0.05
0 0.05
0 0.05
0 0.05
0 0.05
0 0.05
0 0.05
0 0.05
-0.1735294133424759 0.2735294133424759
-0.879411768913269 0.9794117689132691
-0.7539215803146362 0.8539215803146363
0 0.0813725508749485
0 0.05
0 0.05
0 0.05
0 0.05
0 0.05
0 0.05
0 0.05
0 0.05
0 0.05
0 0.05
0 0.05
0 0.05
0 0.05
0 0.05
0 0.05
0 0.05
0 0.05
0 0.05
0 0.05
0 0.05
0 0.05
0 0.05
0 0.05
0 0.05
-0.43627451062202455 0.5362745106220246
-0.95 1
-0.5970588445663452 0.6970588445663453
0 0.05
0 0.05
0 0.05
0 0.05
0 0.05
0 0.05
0 0.05
0 0.05
0 0.05
0 0.05
0 0.05
0 0.05
0 0.05
0 0.05
0 0.05
0 0.05
0 0.05
0 0.05
0 0.05
0 0.05
0 0.05
0 0.05
0 0.05
0 0.05
0 0.05
-0.6205882549285888 0.7205882549285889
-0.9460784316062927 1
-0.2676470696926117 0.3676470696926117
0 0.05
0 0.05
0 0.05
0 0.05
0 0.05
0 0.05
0 0.05
0 0.05
0 0.05
0 0.05
0 0.05
0 0.05
0 0.05
0 0.05
0 0.05
0 0.05
0 0.05
0 0.05
0 0.05
0 0.05
0 0.05
0 0.05
0 0.05
0 0.05
-0.044117648899555204 0.1441176488995552
-0.8598039269447326 0.9598039269447327
-0.7931372642517089 0.893137264251709
0 0.05
0 0.05
0 0.05
0 0.05
0 0.05
0 0.05
0 0.05
0 0.05
0 0.05
0 0.05
0 0.05
0 0.05
0 0.05
0 0.05
0 0.05
0 0.05
0 0.05
0 0.05
0 0.05
0 0.05
0 0.05
0 0.05
0 0.05
0 0.05
0 0.05
-0.42058823704719545 0.5205882370471955
-0.9460784316062927 1
-0.5735294342041015 0.6735294342041016
0 0.05
0 0.05
0 0.05
0 0.05
0 0.05
0 0.05
0 0.05
0 0.05
0 0.05
0 0.05
0 0.05
0 0.05
0 0.05
0 0.05
0 0.05
0 0.05
0 0.05
0 0.05
0 0.05
0 0.05
0 0.05
0 0.05
0 0.05
0 0.05
0 0.05
-0.5421568870544433 0.6421568870544434
-0.9460784316062927 1
-0.5068627715110778 0.6068627715110779
0 0.05
0 0.05
0 0.05
0 0.05
0 0.05
0 0.05
0 0.05
0 0.05
0 0.05
0 0.05
0 0.05
0 0.05
0 0.05
0 0.05
0 0.05
0 0.05
0 0.05
0 0.05
0 0.05
0 0.05
0 0.05
0 0.05
0 0.05
0 0.05
0 0.05
-0.8441176533699035 0.9441176533699036
-0.9460784316062927 1
-0.20882354378700257 0.30882354378700255
0 0.05
0 0.05
0 0.05
0 0.05
0 0.05
0 0.05
0 0.05
0 0.05
0 0.05
0 0.05
0 0.05
0 0.05
0 0.05
0 0.05
0 0.05
0 0.05
0 0.05
0 0.05
0 0.05
0 0.05
0 0.05
0 0.05
0 0.05
0 0.05
-0.189215686917305 0.289215686917305
-0.9343137264251709 1
-0.9460784316062927 1
-0.20882354378700257 0.30882354378700255
0 0.05
0 0.05
0 0.05
0 0.05
0 0.05
0 0.05
0 0.05
0 0.05
0 0.05
0 0.05
0 0.05
0 0.05
0 0.05
0 0.05
0 0.05
0 0.05
0 0.05
0 0.05
0 0.05
0 0.05
0 0.05
0 0.05
0 0.05
0 0.05
-0.5029412031173706 0.6029412031173706
-0.9460784316062927 1
-0.7539215803146362 0.8539215803146363
0 0.061764706112444404
0 0.05
0 0.05
0 0.05
0 0.05
0 0.05
0 0.05
0 0.05
0 0.05
0 0.05
0 0.05
0 0.05
0 0.05
0 0.05
0 0.05
0 0.05
0 0.05
0 0.05
0 0.05
0 0.05
0 0.05
0 0.05
0 0.05
0 0.05
0 0.08921568766236306
-0.7931372642517089 0.893137264251709
-0.9460784316062927 1
-0.4245098054409027 0.5245098054409028
0 0.05
0 0.05
0 0.05
0 0.05
0 0.05
0 0.05
0 0.05
0 0.05
0 0.05
0 0.05
0 0.05
0 0.05
0 0.05
0 0.05
0 0.05
0 0.05
0 0.05
0 0.05
0 0.05
0 0.05
0 0.05
0 0.05
0 0.05
0 0.05
0 0.06960784383118153
-0.7264706015586853 0.8264706015586853
-0.6401960968971252 0.7401960968971253
0 0.08921568766236306
0 0.05
0 0.05
0 0.05
0 0.05
0 0.05
0 0.05
0 0.05
0 0.05
0 0.05
0 0.05
0 0.05
0 0.05
0 0.05
0 0.05
0 0.05
0 0.05
0 0.05
0 0.05
0 0.05
0 0.05
0 0.05
0 0.05
0 0.05
0 0.05
0 0.05
0 0.05
0 0.05
0 0.05
0 0.05
0 0.05
0 0.05
0 0.05
0 0.05
0 0.05
0 0.05
0 0.05
0 0.05
0 0.05
0 0.05
0 0.05
0 0.05
0 0.05
0 0.05
0 0.05
0 0.05
0 0.05
0 0.05
0 0.05
0 0.05
0 0.05
0 0.05
0 0.05
0 0.05
0 0.05
0 0.05
0 0.05
0 0.05
0 0.05
0 0.05
0 0.05
0 0.05
0 0.05
0 0.05
0 0.05
0 0.05
0 0.05
0 0.05
0 0.05
0 0.05
0 0.05
0 0.05
0 0.05
0 0.05
0 0.05
0 0.05
0 0.05
0 0.05
0 0.05
0 0.05
0 0.05
0 0.05
0 0.05
0 0.05
0 0.05
0 0.05
0 0.05
0 0.05
0 0.05
0 0.05
0 0.05
0 0.05
0 0.05
0 0.05
0 0.05
0 0.05
0 0.05
0 0.05
0 0.05
0 0.05
0 0.05
0 0.05
0 0.05
0 0.05
0 0.05
0 0.05
0 0.05
0 0.05
0 0.05
0 0.05
0 0.05
0 0.05
0 0.05
0 0.05
0 0.05
0 0.05
0 0.05
0 0.05
0 0.05
0 0.05
0 0.05
0 0.05
0 0.05
0 0.05
0 0.05
0 0.05
0 0.05

0.5149714170003017 3.4111390124908163
-3.6730928269075456 7.824214720841767
1.5807588066101335 2.2352864151379963
1.6832765222134705 1.7865704207259783
-0.41946899759631795 4.208911564463193
2.2098148318508306 1.5243641741017075
3.191062641139585 0.5743802240259109
-2.0773701269363887 5.619153971228497
-1.7095886254037291 5.352359409867988
-0.25807716794590513 4.213932124018011

7.812862307939509 2.146027792317231
0.7531566271337111 10.711892503416674
6.2964291005477815 10.518004682399562
4.134721521413061 7.958566983666491
10.573483157895808 4.889828132360943
5.7085202123680245 7.233334232019004
6.728523824677703 8.541196859406474
8.539281937985994 7.393020160911739
4.244455868448042 6.978022642021832
9.13985265856003 4.215030855008634

