0 0.05500000000000001
0 0.05500000000000001
0 0.05500000000000001
0 0.05500000000000001
0 0.05500000000000001
0 0.05500000000000001
0 0.05500000000000001
0 0.05500000000000001
0 0.05500000000000001
0 0.05500000000000001
0 0.05500000000000001
0 0.05500000000000001
0 0.05500000000000001
0 0.05500000000000001
0 0.05500000000000001
0 0.05500000000000001
0 0.05500000000000001
0 0.05500000000000001
0 0.05500000000000001
0 0.05500000000000001
0 0.05500000000000001
0 0.05500000000000001
0 0.05500000000000001
0 0.05500000000000001
0 0.05500000000000001
0 0.05500000000000001
0 0.05500000000000001
0 0.05500000000000001
0 0.05500000000000001
0 0.05500000000000001
0 0.05500000000000001
0 0.05500000000000001
0 0.05500000000000001
0 0.05500000000000001
0 0.05500000000000001
0 0.05500000000000001
0 0.05500000000000001
0 0.05500000000000001
0 0.05500000000000001
0 0.05500000000000001
0 0.05500000000000001
0 0.05500000000000001
0 0.05500000000000001
0 0.05500000000000001
0 0.05500000000000001
0 0.05500000000000001
0 0.05500000000000001
0 0.05500000000000001
0 0.05500000000000001
0 0.05500000000000001
0 0.05500000000000001
0 0.05500000000000001
0 0.05500000000000001
0 0.05500000000000001
0 0.05500000000000001
0 0.05500000000000001
0 0.05500000000000001
0 0.05500000000000001
0 0.05500000000000001
0 0.05500000000000001
0 0.05500000000000001
0 0.05500000000000001
0 0.05500000000000001
0 0.05500000000000001
0 0.05500000000000001
0 0.05500000000000001
0 0.05500000000000001
0 0.05500000000000001
0 0.05500000000000001
0 0.05500000000000001
0 0.05500000000000001
0 0.05500000000000001
0 0.05500000000000001
0 0.05500000000000001
0 0.05500000000000001
0 0.05500000000000001
0 0.05500000000000001
0 0.05500000000000001
0 0.05500000000000001
0 0.05500000000000001
0 0.05500000000000001
0 0.05500000000000001
0 0.05500000000000001
0 0.05500000000000001
0 0.05500000000000001
0 0.05500000000000001
0 0.05500000000000001
0 0.05500000000000001
0 0.05500000000000001
0 0.05500000000000001
0 0.05500000000000001
0 0.05500000000000001
0 0.05500000000000001
0 0.05500000000000001
0 0.05500000000000001
0 0.05500000000000001
0 0.05500000000000001
0 0.05500000000000001
0 0.05500000000000001
0 0.05500000000000001
0 0.05500000000000001
0 0.05500000000000001
0 0.05500000000000001
0 0.05500000000000001
0 0.05500000000000001
0 0.05500000000000001
0 0.05500000000000001
0 0.05500000000000001
0 0.05500000000000001
0 0.05500000000000001
0 0.05500000000000001
0 0.05500000000000001
0 0.05500000000000001
0 0.05500000000000001
0 0.05500000000000001
0 0.05500000000000001
0 0.05500000000000001
0 0.05500000000000001
0 0.05500000000000001
0 0.05500000000000001
0 0.05500000000000001
0 0.05500000000000001
0 0.05500000000000001
0 0.05500000000000001
0 0.05500000000000001
0 0.05500000000000001
0 0.05500000000000001
0 0.05500000000000001
-0.09401961386203765 0.20401961386203765
-0.9410784316062927 1
-0.3724509847164154 0.4824509847164154
0 0.05500000000000001
0 0.05500000000000001
0 0.05500000000000001
0 0.05500000000000001
0 0.05500000000000001
0 0.05500000000000001
0 0.05500000000000001
0 0.05500000000000001
0 0.05500000000000001
0 0.05500000000000001
0 0.05500000000000001
0 0.05500000000000001
0 0.05500000000000001
0 0.05500000000000001
0 0.05500000000000001
0 0.05500000000000001
0 0.05500000000000001
0 0.05500000000000001
0 0.05500000000000001
0 0.05500000000000001
0 0.05500000000000001
0 0.05500000000000001
0 0.05500000000000001
0 0.05500000000000001
0 0.05500000000000001
-0.28617648005485535 0.39617648005485534
-0.9332352948188781 1
-0.266568638086319 0.37656863808631896
0 0.05500000000000001
0 0.05500000000000001
0 0.05500000000000001
0 0.05500000000000001
0 0.05500000000000001
0 0.05500000000000001
0 0.05500000000000001
0 0.05500000000000001
0 0.05500000000000001
0 0.05500000000000001
0 0.05500000000000001
0 0.05500000000000001
0 0.05500000000000001
0 0.05500000000000001
0 0.05500000000000001
0 0.05500000000000001
0 0.05500000000000001
0 0.05500000000000001
0 0.05500000000000001
0 0.05500000000000001
0 0.05500000000000001
0 0.05500000000000001
0 0.05500000000000001
0 0.05500000000000001
0 0.05500000000000001
-0.47441179275512696 0.584411792755127
-0.8900980424880981 1
0 0.05500000000000001
0 0.05500000000000001
0 0.05500000000000001
0 0.05500000000000001
0 0.05500000000000001
0 0.05500000000000001
0 0.05500000000000001
0 0.05500000000000001
0 0.05500000000000001
0 0.05500000000000001
0 0.05500000000000001
0 0.05500000000000001
0 0.05500000000000001
0 0.05500000000000001
0 0.05500000000000001
0 0.05500000000000001
0 0.05500000000000001
0 0.05500000000000001
0 0.05500000000000001
0 0.05500000000000001
0 0.05500000000000001
0 0.05500000000000001
0 0.05500000000000001
0 0.05500000000000001
0 0.05500000000000001
-0.1214705926179886 0.23147059261798858
-0.9018627476692199 1
-0.533235318660736 0.6432353186607361
0 0.05500000000000001
0 0.05500000000000001
0 0.05500000000000001
0 0.05500000000000001
0 0.05500000000000001
0 0.05500000000000001
0 0.05500000000000001
0 0.05500000000000001
0 0.05500000000000001
0 0.05500000000000001
0 0.05500000000000001
0 0.05500000000000001
0 0.05500000000000001
0 0.05500000000000001
0 0.05500000000000001
0 0.05500000000000001
0 0.05500000000000001
0 0.05500000000000001
0 0.05500000000000001
0 0.05500000000000001
0 0.05500000000000001
0 0.05500000000000001
0 0.05500000000000001
0 0.05500000000000001
0 0.05500000000000001
-0.2744117748737335 0.3844117748737335
-0.9410784316062927 1
-0.19205882370471955 0.30205882370471954
0 0.05500000000000001
0 0.05500000000000001
0 0.05500000000000001
0 0.05500000000000001
0 0.05500000000000001
0 0.05500000000000001
0 0.05500000000000001
0 0.05500000000000001
0 0.05500000000000001
0 0.05500000000000001
0 0.05500000000000001
0 0.05500000000000001
0 0.05500000000000001
0 0.05500000000000001
0 0.05500000000000001
0 0.05500000000000001
0 0.05500000000000001
0 0.05500000000000001
0 0.05500000000000001
0 0.05500000000000001
0 0.05500000000000001
0 0.05500000000000001
0 0.05500000000000001
0 0.05500000000000001
0 0.05500000000000001
-0.7371568751335144 0.8471568751335145
-0.8195098114013671 0.9295098114013672
0 0.09813725605607033
0 0.05500000000000001
0 0.05500000000000001
0 0.05500000000000001
0 0.05500000000000001
0 0.05500000000000001
0 0.05500000000000001
0 0.05500000000000001
0 0.05500000000000001
0 0.05500000000000001
0 0.05500000000000001
0 0.05500000000000001
0 0.05500000000000001
0 0.05500000000000001
0 0.05500000000000001
0 0.05500000000000001
0 0.05500000000000001
0 0.05500000000000001
0 0.05500000000000001
0 0.05500000000000001
0 0.05500000000000001
0 0.05500000000000001
0 0.05500000000000001
0 0.05500000000000001
0 0.05500000000000001
-0.070490203499794 0.180490203499794
-0.9410784316062927 1
-0.7920588326454162 0.9020588326454163
0 0.05500000000000001
0 0.05500000000000001
0 0.05500000000000001
0 0.05500000000000001
0 0.05500000000000001
0 0.05500000000000001
0 0.05500000000000001
0 0.05500000000000001
0 0.05500000000000001
0 0.05500000000000001
0 0.05500000000000001
0 0.05500000000000001
0 0.05500000000000001
0 0.05500000000000001
0 0.05500000000000001
0 0.05500000000000001
0 0.05500000000000001
0 0.05500000000000001
0 0.05500000000000001
0 0.05500000000000001
0 0.05500000000000001
0 0.05500000000000001
0 0.05500000000000001
0 0.05500000000000001
0 0.05500000000000001
-0.31754902720451356 0.42754902720451354
-0.9410784316062927 1
-0.7097058963775634 0.8197058963775635
0 0.05500000000000001
0 0.05500000000000001
0 0.05500000000000001
0 0.05500000000000001
0 0.05500000000000001
0 0.05500000000000001
0 0.05500000000000001
0 0.05500000000000001
0 0.05500000000000001
0 0.05500000000000001
0 0.05500000000000001
0 0.05500000000000001
0 0.05500000000000001
0 0.05500000000000001
0 0.05500000000000001
0 0.05500000000000001
0 0.05500000000000001
0 0.05500000000000001
0 0.05500000000000001
0 0.05500000000000001
0 0.05500000000000001
0 0.05500000000000001
0 0.05500000000000001
0 0.05500000000000001
0 0.05500000000000001
-0.49401963472366334 0.6040196347236634
-0.9410784316062927 1
-0.2469607961177826 0.3569607961177826
0 0.05500000000000001
0 0.05500000000000001
0 0.05500000000000001
0 0.05500000000000001
0 0.05500000000000001
0 0.05500000000000001
0 0.05500000000000001
0 0.05500000000000001
0 0.05500000000000001
0 0.05500000000000001
0 0.05500000000000001
0 0.05500000000000001
0 0.05500000000000001
0 0.05500000000000001
0 0.05500000000000001
0 0.05500000000000001
0 0.05500000000000001
0 0.05500000000000001
0 0.05500000000000001
0 0.05500000000000001
0 0.05500000000000001
0 0.05500000000000001
0 0.05500000000000001
0 0.05500000000000001
-0.1685294133424759 0.2785294133424759
-0.874411768913269 0.9844117689132691
-0.7489215803146362 0.8589215803146363
0 0.08637255087494851
0 0.05500000000000001
0 0.05500000000000001
0 0.05500000000000001
0 0.05500000000000001
0 0.05500000000000001
0 0.05500000000000001
0 0.05500000000000001
0 0.05500000000000001
0 0.05500000000000001
0 0.05500000000000001
0 0.05500000000000001
0 0.05500000000000001
0 0.05500000000000001
0 0.05500000000000001
0 0.05500000000000001
0 0.05500000000000001
0 0.05500000000000001
0 0.05500000000000001
0 0.05500000000000001
0 0.05500000000000001
0 0.05500000000000001
0 0.05500000000000001
0 0.05500000000000001
0 0.05500000000000001
-0.43127451062202454 0.5412745106220246
-0.945 1
-0.5920588445663452 0.7020588445663453
0 0.05500000000000001
0 0.05500000000000001
0 0.05500000000000001
0 0.05500000000000001
0 0.05500000000000001
0 0.05500000000000001
0 0.05500000000000001
0 0.05500000000000001
0 0.05500000000000001
0 0.05500000000000001
0 0.05500000000000001
0 0.05500000000000001
0 0.05500000000000001
0 0.05500000000000001
0 0.05500000000000001
0 0.05500000000000001
0 0.05500000000000001
0 0.05500000000000001
0 0.05500000000000001
0 0.05500000000000001
0 0.05500000000000001
0 0.05500000000000001
0 0.05500000000000001
0 0.05500000000000001
0 0.05500000000000001
-0.6155882549285888 0.7255882549285889
-0.9410784316062927 1
-0.2626470696926117 0.3726470696926117
0 0.05500000000000001
0 0.05500000000000001
0 0.05500000000000001
0 0.05500000000000001
0 0.05500000000000001
0 0.05500000000000001
0 0.05500000000000001
0 0.05500000000000001
0 0.05500000000000001
0 0.05500000000000001
0 0.05500000000000001
0 0.05500000000000001
0 0.05500000000000001
0 0.05500000000000001
0 0.05500000000000001
0 0.05500000000000001
0 0.05500000000000001
0 0.05500000000000001
0 0.05500000000000001
0 0.05500000000000001
0 0.05500000000000001
0 0.05500000000000001
0 0.05500000000000001
0 0.05500000000000001
-0.0391176488995552 0.1491176488995552
-0.8548039269447326 0.9648039269447327
-0.7881372642517089 0.898137264251709
0 0.05500000000000001
0 0.05500000000000001
0 0.05500000000000001
0 0.05500000000000001
0 0.05500000000000001
0 0.05500000000000001
0 0.05500000000000001
0 0.05500000000000001
0 0.05500000000000001
0 0.05500000000000001
0 0.05500000000000001
0 0.05500000000000001
0 0.05500000000000001
0 0.05500000000000001
0 0.05500000000000001
0 0.05500000000000001
0 0.05500000000000001
0 0.05500000000000001
0 0.05500000000000001
0 0.05500000000000001
0 0.05500000000000001
0 0.05500000000000001
0 0.05500000000000001
0 0.05500000000000001
0 0.05500000000000001
-0.41558823704719544 0.5255882370471955
-0.9410784316062927 1
-0.5685294342041015 0.6785294342041016
0 0.05500000000000001
0 0.05500000000000001
0 0.05500000000000001
0 0.05500000000000001
0 0.05500000000000001
0 0.05500000000000001
0 0.05500000000000001
0 0.05500000000000001
0 0.05500000000000001
0 0.05500000000000001
0 0.05500000000000001
0 0.05500000000000001
0 0.05500000000000001
0 0.05500000000000001
0 0.05500000000000001
0 0.05500000000000001
0 0.05500000000000001
0 0.05500000000000001
0 0.05500000000000001
0 0.05500000000000001
0 0.05500000000000001
0 0.05500000000000001
0 0.05500000000000001
0 0.05500000000000001
0 0.05500000000000001
-0.5371568870544433 0.6471568870544434
-0.9410784316062927 1
-0.5018627715110778 0.6118627715110779
0 0.05500000000000001
0 0.05500000000000001
0 0.05500000000000001
0 0.05500000000000001
0 0.05500000000000001
0 0.05500000000000001
0 0.05500000000000001
0 0.05500000000000001
0 0.05500000000000001
0 0.05500000000000001
0 0.05500000000000001
0 0.05500000000000001
0 0.05500000000000001
0 0.05500000000000001
0 0.05500000000000001
0 0.05500000000000001
0 0.05500000000000001
0 0.05500000000000001
0 0.05500000000000001
0 0.05500000000000001
0 0.05500000000000001
0 0.05500000000000001
0 0.05500000000000001
0 0.05500000000000001
0 0.05500000000000001
-0.8391176533699035 0.9491176533699036
-0.9410784316062927 1
-0.20382354378700257 0.31382354378700256
0 0.05500000000000001
0 0.05500000000000001
0 0.05500000000000001
0 0.05500000000000001
0 0.05500000000000001
0 0.05500000000000001
0 0.05500000000000001
0 0.05500000000000001
0 0.05500000000000001
0 0.05500000000000001
0 0.05500000000000001
0 0.05500000000000001
0 0.05500000000000001
0 0.05500000000000001
0 0.05500000000000001
0 0.05500000000000001
0 0.05500000000000001
0 0.05500000000000001
0 0.05500000000000001
0 0.05500000000000001
0 0.05500000000000001
0 0.05500000000000001
0 0.05500000000000001
0 0.05500000000000001
-0.184215686917305 0.294215686917305
-0.9293137264251708 1
-0.9410784316062927 1
-0.20382354378700257 0.31382354378700256
0 0.05500000000000001
0 0.05500000000000001
0 0.05500000000000001
0 0.05500000000000001
0 0.05500000000000001
0 0.05500000000000001
0 0.05500000000000001
0 0.05500000000000001
0 0.05500000000000001
0 0.05500000000000001
0 0.05500000000000001
0 0.05500000000000001
0 0.05500000000000001
0 0.05500000000000001
0 0.05500000000000001
0 0.05500000000000001
0 0.05500000000000001
0 0.05500000000000001
0 0.05500000000000001
0 0.05500000000000001
0 0.05500000000000001
0 0.05500000000000001
0 0.05500000000000001
0 0.05500000000000001
-0.49794120311737056 0.6079412031173707
-0.9410784316062927 1
-0.7489215803146362 0.8589215803146363
0 0.06676470611244441
0 0.05500000000000001
0 0.05500000000000001
0 0.05500000000000001
0 0.05500000000000001
0 0.05500000000000001
0 0.05500000000000001
0 0.05500000000000001
0 0.05500000000000001
0 0.05500000000000001
0 0.05500000000000001
0 0.05500000000000001
0 0.05500000000000001
0 0.05500000000000001
0 0.05500000000000001
0 0.05500000000000001
0 0.05500000000000001
0 0.05500000000000001
0 0.05500000000000001
0 0.05500000000000001
0 0.05500000000000001
0 0.05500000000000001
0 0.05500000000000001
0 0.05500000000000001
0 0.09421568766236306
-0.7881372642517089 0.898137264251709
-0.9410784316062927 1
-0.4195098054409027 0.5295098054409028
0 0.05500000000000001
0 0.05500000000000001
0 0.05500000000000001
0 0.05500000000000001
0 0.05500000000000001
0 0.05500000000000001
0 0.05500000000000001
0 0.05500000000000001
0 0.05500000000000001
0 0.05500000000000001
0 0.05500000000000001
0 0.05500000000000001
0 0.05500000000000001
0 0.05500000000000001
0 0.05500000000000001
0 0.05500000000000001
0 0.05500000000000001
0 0.05500000000000001
0 0.05500000000000001
0 0.05500000000000001
0 0.05500000000000001
0 0.05500000000000001
0 0.05500000000000001
0 0.05500000000000001
0 0.07460784383118153
-0.7214706015586853 0.8314706015586854
-0.6351960968971252 0.7451960968971253
0 0.09421568766236306
0 0.05500000000000001
0 0.05500000000000001
0 0.05500000000000001
0 0.05500000000000001
0 0.05500000000000001
0 0.05500000000000001
0 0.05500000000000001
0 0.05500000000000001
0 0.05500000000000001
0 0.05500000000000001
0 0.05500000000000001
0 0.05500000000000001
0 0.05500000000000001
0 0.05500000000000001
0 0.05500000000000001
0 0.05500000000000001
0 0.05500000000000001
0 0.05500000000000001
0 0.05500000000000001
0 0.05500000000000001
0 0.05500000000000001
0 0.05500000000000001
0 0.05500000000000001
0 0.05500000000000001
0 0.05500000000000001
0 0.05500000000000001
0 0.05500000000000001
0 0.05500000000000001
0 0.05500000000000001
0 0.05500000000000001
0 0.05500000000000001
0 0.05500000000000001
0 0.05500000000000001
0 0.05500000000000001
0 0.05500000000000001
0 0.05500000000000001
0 0.05500000000000001
0 0.05500000000000001
0 0.05500000000000001
0 0.05500000000000001
0 0.05500000000000001
0 0.05500000000000001
0 0.05500000000000001
0 0.05500000000000001
0 0.05500000000000001
0 0.05500000000000001
0 0.05500000000000001
0 0.05500000000000001
0 0.05500000000000001
0 0.05500000000000001
0 0.05500000000000001
0 0.05500000000000001
0 0.05500000000000001
0 0.05500000000000001
0 0.05500000000000001
0 0.05500000000000001
0 0.05500000000000001
0 0.05500000000000001
0 0.05500000000000001
0 0.05500000000000001
0 0.05500000000000001
0 0.05500000000000001
0 0.05500000000000001
0 0.05500000000000001
0 0.05500000000000001
0 0.05500000000000001
0 0.05500000000000001
0 0.05500000000000001
0 0.05500000000000001
0 0.05500000000000001
0 0.05500000000000001
0 0.05500000000000001
0 0.05500000000000001
0 0.05500000000000001
0 0.05500000000000001
0 0.05500000000000001
0 0.05500000000000001
0 0.05500000000000001
0 0.05500000000000001
0 0.05500000000000001
0 0.05500000000000001
0 0.05500000000000001
0 0.05500000000000001
0 0.05500000000000001
0 0.05500000000000001
0 0.05500000000000001
0 0.05500000000000001
0 0.05500000000000001
0 0.05500000000000001
0 0.05500000000000001
0 0.05500000000000001
0 0.05500000000000001
0 0.05500000000000001
0 0.05500000000000001
0 0.05500000000000001
0 0.05500000000000001
0 0.05500000000000001
0 0.05500000000000001
0 0.05500000000000001
0 0.05500000000000001
0 0.05500000000000001
0 0.05500000000000001
0 0.05500000000000001
0 0.05500000000000001
0 0.05500000000000001
0 0.05500000000000001
0 0.05500000000000001
0 0.05500000000000001
0 0.05500000000000001
0 0.05500000000000001
0 0.05500000000000001
0 0.05500000000000001
0 0.05500000000000001
0 0.05500000000000001
0 0.05500000000000001
0 0.05500000000000001
0 0.05500000000000001
0 0.05500000000000001
0 0.05500000000000001
0 0.05500000000000001
0 0.05500000000000001
0 0.05500000000000001
0 0.05500000000000001
0 0.05500000000000001
0 0.05500000000000001
0 0.05500000000000001

0.7221 3.5949
-3.5194 8.0822
1.71 2.4844
1.8466 1.9675
-0.2682 4.4329
2.3391 1.7676
3.3645 0.7741
-1.8212 5.7164
-1.5067 5.5125
-0.0951 4.4451

5.4663 -0.4454
-2.4637 8.3684
1.9375 6.138
0.6493 4.9524
6.7408 1.331
2.77 3.225
2.5415 4.2715
5.7337 3.0225
0.0745 4.9377
5.9282 1.1587

