0 0.01
0 0.01
0 0.01
0 0.01
0 0.01
0 0.01
0 0.01
0 0.01
0 0.01
0 0.01
0 0.01
0 0.01
0 0.01
0 0.01
0 0.01
0 0.01
0 0.01
0 0.01
0 0.01
0 0.01
0 0.01
0 0.01
0 0.01
0 0.01
0 0.01
0 0.01
0 0.01
0 0.01
0 0.01
0 0.01
0 0.01
0 0.01
0 0.01
0 0.01
0 0.01
0 0.01
0 0.01
0 0.01
0 0.01
0 0.01
0 0.01
0 0.01
0 0.01
0 0.01
0 0.01
0 0.01
0 0.01
0 0.01
0 0.01
0 0.01
0 0.01
0 0.01
0 0.01
0 0.01
0 0.01
0 0.01
0 0.01
0 0.01
0 0.01
0 0.01
0 0.01
0 0.01
0 0.01
0 0.01
0 0.01
0 0.01
0 0.01
0 0.01
0 0.01
0 0.01
0 0.01
0 0.01
0 0.01
0 0.01
0 0.01
0 0.01
0 0.01
0 0.01
0 0.01
0 0.01
0 0.01
0 0.01
0 0.01
0 0.01
0 0.01
0 0.01
0 0.01
0 0.01
0 0.01
0 0.01
0 0.01
0 0.01
0 0.01
0 0.01
0 0.01
0 0.01
0 0.01
0 0.01
0 0.01
0 0.01
0 0.01
0 0.01
0 0.01
0 0.01
0 0.01
0 0.01
0 0.01
0 0.01
0 0.01
0 0.01
0 0.01
0 0.01
0 0.01
0 0.01
0 0.01
0 0.01
0 0.01
0 0.01
0 0.01
0 0.01
0 0.01
0 0.01
0 0.01
0 0.01
0 0.01
0 0.01
0 0.01
0 0.01
-0.13901961386203765 0.15901961386203767
-0.9860784316062927 1
-0.4174509847164154 0.4374509847164154
0 0.01
0 0.01
0 0.01
0 0.01
0 0.01
0 0.01
0 0.01
0 0.01
0 0.01
0 0.01
0 0.01
0 0.01
0 0.01
0 0.01
0 0.01
0 0.01
0 0.01
0 0.01
0 0.01
0 0.01
0 0.01
0 0.01
0 0.01
0 0.01
0 0.01
-0.33117648005485534 0.35117648005485536
-0.9782352948188782 0.9982352948188782
-0.31156863808631896 0.331568638086319
0 0.01
0 0.01
0 0.01
0 0.01
0 0.01
0 0.01
0 0.01
0 0.01
0 0.01
0 0.01
0 0.01
0 0.01
0 0.01
0 0.01
0 0.01
0 0.01
0 0.01
0 0.01
0 0.01
0 0.01
0 0.01
0 0.01
0 0.01
0 0.01
0 0.01
-0.5194117927551269 0.539411792755127
-0.9350980424880981 0.9550980424880982
0 0.01
0 0.01
0 0.01
0 0.01
0 0.01
0 0.01
0 0.01
0 0.01
0 0.01
0 0.01
0 0.01
0 0.01
0 0.01
0 0.01
0 0.01
0 0.01
0 0.01
0 0.01
0 0.01
0 0.01
0 0.01
0 0.01
0 0.01
0 0.01
0 0.01
-0.16647059261798858 0.1864705926179886
-0.94686274766922 0.96686274766922
-0.5782353186607361 0.5982353186607361
0 0.01
0 0.01
0 0.01
0 0.01
0 0.01
0 0.01
0 0.01
0 0.01
0 0.01
0 0.01
0 0.01
0 0.01
0 0.01
0 0.01
0 0.01
0 0.01
0 0.01
0 0.01
0 0.01
0 0.01
0 0.01
0 0.01
0 0.01
0 0.01
0 0.01
-0.3194117748737335 0.33941177487373353
-0.9860784316062927 1
-0.23705882370471953 0.25705882370471955
0 0.01
0 0.01
0 0.01
0 0.01
0 0.01
0 0.01
0 0.01
0 0.01
0 0.01
0 0.01
0 0.01
0 0.01
0 0.01
0 0.01
0 0.01
0 0.01
0 0.01
0 0.01
0 0.01
0 0.01
0 0.01
0 0.01
0 0.01
0 0.01
0 0.01
-0.7821568751335144 0.8021568751335144
-0.8645098114013672 0.8845098114013672
-0.033137256056070326 0.05313725605607033
0 0.01
0 0.01
0 0.01
0 0.01
0 0.01
0 0.01
0 0.01
0 0.01
0 0.01
0 0.01
0 0.01
0 0.01
0 0.01
0 0.01
0 0.01
0 0.01
0 0.01
0 0.01
0 0.01
0 0.01
0 0.01
0 0.01
0 0.01
0 0.01
-0.11549020349979401 0.13549020349979402
-0.9860784316062927 1
-0.8370588326454163 0.8570588326454163
0 0.01
0 0.01
0 0.01
0 0.01
0 0.01
0 0.01
0 0.01
0 0.01
0 0.01
0 0.01
0 0.01
0 0.01
0 0.01
0 0.01
0 0.01
0 0.01
0 0.01
0 0.01
0 0.01
0 0.01
0 0.01
0 0.01
0 0.01
0 0.01
0 0.01
-0.36254902720451354 0.38254902720451356
-0.9860784316062927 1
-0.7547058963775635 0.7747058963775635
0 0.01
0 0.01
0 0.01
0 0.01
0 0.01
0 0.01
0 0.01
0 0.01
0 0.01
0 0.01
0 0.01
0 0.01
0 0.01
0 0.01
0 0.01
0 0.01
0 0.01
0 0.01
0 0.01
0 0.01
0 0.01
0 0.01
0 0.01
0 0.01
0 0.01
-0.5390196347236633 0.5590196347236633
-0.9860784316062927 1
-0.2919607961177826 0.3119607961177826
0 0.01
0 0.01
0 0.01
0 0.01
0 0.01
0 0.01
0 0.01
0 0.01
0 0.01
0 0.01
0 0.01
0 0.01
0 0.01
0 0.01
0 0.01
0 0.01
0 0.01
0 0.01
0 0.01
0 0.01
0 0.01
0 0.01
0 0.01
0 0.01
-0.21352941334247588 0.2335294133424759
-0.919411768913269 0.939411768913269
-0.7939215803146362 0.8139215803146362
-0.0213725508749485 0.041372550874948504
0 0.01
0 0.01
0 0.01
0 0.01
0 0.01
0 0.01
0 0.01
0 0.01
0 0.01
0 0.01
0 0.01
0 0.01
0 0.01
0 0.01
0 0.01
0 0.01
0 0.01
0 0.01
0 0.01
0 0.01
0 0.01
0 0.01
0 0.01
0 0.01
-0.4762745106220245 0.49627451062202455
-0.99 1
-0.6370588445663452 0.6570588445663452
0 0.01
0 0.01
0 0.01
0 0.01
0 0.01
0 0.01
0 0.01
0 0.01
0 0.01
0 0.01
0 0.01
0 0.01
0 0.01
0 0.01
0 0.01
0 0.01
0 0.01
0 0.01
0 0.01
0 0.01
0 0.01
0 0.01
0 0.01
0 0.01
0 0.01
-0.6605882549285889 0.6805882549285889
-0.9860784316062927 1
-0.3076470696926117 0.3276470696926117
0 0.01
0 0.01
0 0.01
0 0.01
0 0.01
0 0.01
0 0.01
0 0.01
0 0.01
0 0.01
0 0.01
0 0.01
0 0.01
0 0.01
0 0.01
0 0.01
0 0.01
0 0.01
0 0.01
0 0.01
0 0.01
0 0.01
0 0.01
0 0.01
-0.08411764889955521 0.1041176488995552
-0.8998039269447327 0.9198039269447327
-0.833137264251709 0.853137264251709
0 0.01
0 0.01
0 0.01
0 0.01
0 0.01
0 0.01
0 0.01
0 0.01
0 0.01
0 0.01
0 0.01
0 0.01
0 0.01
0 0.01
0 0.01
0 0.01
0 0.01
0 0.01
0 0.01
0 0.01
0 0.01
0 0.01
0 0.01
0 0.01
0 0.01
-0.4605882370471954 0.48058823704719544
-0.9860784316062927 1
-0.6135294342041016 0.6335294342041016
0 0.01
0 0.01
0 0.01
0 0.01
0 0.01
0 0.01
0 0.01
0 0.01
0 0.01
0 0.01
0 0.01
0 0.01
0 0.01
0 0.01
0 0.01
0 0.01
0 0.01
0 0.01
0 0.01
0 0.01
0 0.01
0 0.01
0 0.01
0 0.01
0 0.01
-0.5821568870544434 0.6021568870544434
-0.9860784316062927 1
-0.5468627715110779 0.5668627715110779
0 0.01
0 0.01
0 0.01
0 0.01
0 0.01
0 0.01
0 0.01
0 0.01
0 0.01
0 0.01
0 0.01
0 0.01
0 0.01
0 0.01
0 0.01
0 0.01
0 0.01
0 0.01
0 0.01
0 0.01
0 0.01
0 0.01
0 0.01
0 0.01
0 0.01
-0.8841176533699036 0.9041176533699036
-0.9860784316062927 1
-0.24882354378700255 0.2688235437870026
0 0.01
0 0.01
0 0.01
0 0.01
0 0.01
0 0.01
0 0.01
0 0.01
0 0.01
0 0.01
0 0.01
0 0.01
0 0.01
0 0.01
0 0.01
0 0.01
0 0.01
0 0.01
0 0.01
0 0.01
0 0.01
0 0.01
0 0.01
0 0.01
-0.22921568691730498 0.249215686917305
-0.9743137264251709 0.9943137264251709
-0.9860784316062927 1
-0.24882354378700255 0.2688235437870026
0 0.01
0 0.01
0 0.01
0 0.01
0 0.01
0 0.01
0 0.01
0 0.01
0 0.01
0 0.01
0 0.01
0 0.01
0 0.01
0 0.01
0 0.01
0 0.01
0 0.01
0 0.01
0 0.01
0 0.01
0 0.01
0 0.01
0 0.01
0 0.01
-0.5429412031173706 0.5629412031173706
-0.9860784316062927 1
-0.7939215803146362 0.8139215803146362
-0.0017647061124444006 0.021764706112444403
0 0.01
0 0.01
0 0.01
0 0.01
0 0.01
0 0.01
0 0.01
0 0.01
0 0.01
0 0.01
0 0.01
0 0.01
0 0.01
0 0.01
0 0.01
0 0.01
0 0.01
0 0.01
0 0.01
0 0.01
0 0.01
0 0.01
0 0.01
-0.02921568766236305 0.049215687662363054
-0.833137264251709 0.853137264251709
-0.9860784316062927 1
-0.4645098054409027 0.4845098054409027
0 0.01
0 0.01
0 0.01
0 0.01
0 0.01
0 0.01
0 0.01
0 0.01
0 0.01
0 0.01
0 0.01
0 0.01
0 0.01
0 0.01
0 0.01
0 0.01
0 0.01
0 0.01
0 0.01
0 0.01
0 0.01
0 0.01
0 0.01
0 0.01
-0.009607843831181526 0.029607843831181528
-0.7664706015586853 0.7864706015586853
-0.6801960968971252 0.7001960968971253
-0.02921568766236305 0.049215687662363054
0 0.01
0 0.01
0 0.01
0 0.01
0 0.01
0 0.01
0 0.01
0 0.01
0 0.01
0 0.01
0 0.01
0 0.01
0 0.01
0 0.01
0 0.01
0 0.01
0 0.01
0 0.01
0 0.01
0 0.01
0 0.01
0 0.01
0 0.01
0 0.01
0 0.01
0 0.01
0 0.01
0 0.01
0 0.01
0 0.01
0 0.01
0 0.01
0 0.01
0 0.01
0 0.01
0 0.01
0 0.01
0 0.01
0 0.01
0 0.01
0 0.01
0 0.01
0 0.01
0 0.01
0 0.01
0 0.01
0 0.01
0 0.01
0 0.01
0 0.01
0 0.01
0 0.01
0 0.01
0 0.01
0 0.01
0 0.01
0 0.01
0 0.01
0 0.01
0 0.01
0 0.01
0 0.01
0 0.01
0 0.01
0 0.01
0 0.01
0 0.01
0 0.01
0 0.01
0 0.01
0 0.01
0 0.01
0 0.01
0 0.01
0 0.01
0 0.01
0 0.01
0 0.01
0 0.01
0 0.01
0 0.01
0 0.01
0 0.01
0 0.01
0 0.01
0 0.01
0 0.01
0 0.01
0 0.01
0 0.01
0 0.01
0 0.01
0 0.01
0 0.01
0 0.01
0 0.01
0 0.01
0 0.01
0 0.01
0 0.01
0 0.01
0 0.01
0 0.01
0 0.01
0 0.01
0 0.01
0 0.01
0 0.01
0 0.01
0 0.01
0 0.01
0 0.01
0 0.01
0 0.01
0 0.01
0 0.01
0 0.01
0 0.01
0 0.01
0 0.01
0 0.01
0 0.01
0 0.01
0 0.01
0 0.01
0 0.01

-1.143297235965532 1.9391795772498037
-4.909132165884024 5.755679006816328
0.5376415362916301 0.2404929262761919
0.3784739961170704 0.32671387868540186
-1.639624172266978 2.406732685699983
1.1772741072400787 -0.4188149496485954
1.8105901542824727 -1.0485886416867676
-4.130496745601182 4.848282194686262
-3.3334902818306964 4.074333270290385
-1.5680283489774829 2.368772566555928

4.10270842284125 -2.3373711309238403
-5.78035277817297 7.680023189538538
0.23481560140074853 2.963787907837376
-0.29439652731602195 2.279781502558314
3.962451334494301 -1.061229142211098
0.6276135564890338 1.7331268779257176
0.3602292774254481 2.588957501167692
1.907326083232114 1.302223512236354
-0.9710431341379997 2.8971328297656402
3.909154798915516 -1.337408793363719

