0 1
0 1
0 1
0 1
0 1
0 1
0 1
0 1
0 1
0 1
0 1
0 1
0 1
0 1
0 1
0 1
0 1
0 1
0 1
0 1
0 1
0 1
0 1
0 1
0 1
0 1
0 1
0 1
0 1
0 1
0 1
0 1
0 1
0 1
0 1
0 1
0 1
0 1
0 1
0 1
0 1
0 1
0 1
0 1
0 1
0 1
0 1
0 1
0 1
0 1
0 1
0 1
0 1
0 1
0 1
0 1
0 1
0 1
0 1
0 1
0 1
0 1
0 1
0 1
0 1
0 1
0 1
0 1
0 1
0 1
0 1
0 1
0 1
0 1
0 1
0 1
0 1
0 1
0 1
0 1
0 1
0 1
0 1
0 1
0 1
0 1
0 1
0 1
0 1
0 1
0 1
0 1
0 1
0 1
0 1
0 1
0 1
0 1
0 1
0 1
0 1
0 1
0 1
0 1
0 1
0 1
0 1
0 1
0 1
0 1
0 1
0 1
0 1
0 1
0 1
0 1
0 1
0 1
0 1
0 1
0 1
0 1
0 1
0 1
0 1
0 1
0 1
0 1
0 1
0 1
0 1
0 1
0 1
0 1
0 1
0 1
0 1
0 1
0 1
0 1
0 1
0 1
0 1
0 1
0 1
0 1
0 1
0 1
0 1
0 1
0 1
0 1
0 1
0 1
0 1
0 1
0 1
0 1
0 1
0 1
0 1
0 1
0 1
0 1
0 1
0 1
0 1
0 1
0 1
0 1
0 1
0 1
0 1
0 1
0 1
0 1
0 1
0 1
0 1
0 1
0 1
0 1
0 1
0 1
0 1
0 1
0 1
0 1
0 1
0 1
0 1
0 1
0 1
0 1
0 1
0 1
0 1
0 1
0 1
0 1
0 1
0 1
0 1
0 1
0 1
0 1
0 1
0 1
0 1
0 1
0 1
0 1
0 1
0 1
0 1
0 1
0 1
0 1
0 1
0 1
0 1
0 1
0 1
0 1
0 1
0 1
0 1
0 1
0 1
0 1
0 1
0 1
0 1
0 1
0 1
0 1
0 1
0 1
0 1
0 1
0 1
0 1
0 1
0 1
0 1
0 1
0 1
0 1
0 1
0 1
0 1
0 1
0 1
0 1
0 1
0 1
0 1
0 1
0 1
0 1
0 1
0 1
0 1
0 1
0 1
0 1
0 1
0 1
0 1
0 1
0 1
0 1
0 1
0 1
0 1
0 1
0 1
0 1
0 1
0 1
0 1
0 1
0 1
0 1
0 1
0 1
0 1
0 1
0 1
0 1
0 1
0 1
0 1
0 1
0 1
0 1
0 1
0 1
0 1
0 1
0 1
0 1
0 1
0 1
0 1
0 1
0 1
0 1
0 1
0 1
0 1
0 1
0 1
0 1
0 1
0 1
0 1
0 1
0 1
0 1
0 1
0 1
0 1
0 1
0 1
0 1
0 1
0 1
0 1
0 1
0 1
0 1
0 1
0 1
0 1
0 1
0 1
0 1
0 1
0 1
0 1
0 1
0 1
0 1
0 1
0 1
0 1
0 1
0 1
0 1
0 1
0 1
0 1
0 1
0 1
0 1
0 1
0 1
0 1
0 1
0 1
0 1
0 1
0 1
0 1
0 1
0 1
0 1
0 1
0 1
0 1
0 1
0 1
0 1
0 1
0 1
0 1
0 1
0 1
0 1
0 1
0 1
0 1
0 1
0 1
0 1
0 1
0 1
0 1
0 1
0 1
0 1
0 1
0 1
0 1
0 1
0 1
0 1
0 1
0 1
0 1
0 1
0 1
0 1
0 1
0 1
0 1
0 1
0 1
0 1
0 1
0 1
0 1
0 1
0 1
0 1
0 1
0 1
0 1
0 1
0 1
0 1
0 1
0 1
0 1
0 1
0 1
0 1
0 1
0 1
0 1
0 1
0 1
0 1
0 1
0 1
0 1
0 1
0 1
0 1
0 1
0 1
0 1
0 1
0 1
0 1
0 1
0 1
0 1
0 1
0 1
0 1
0 1
0 1
0 1
0 1
0 1
0 1
0 1
0 1
0 1
0 1
0 1
0 1
0 1
0 1
0 1
0 1
0 1
0 1
0 1
0 1
0 1
0 1
0 1
0 1
0 1
0 1
0 1
0 1
0 1
0 1
0 1
0 1
0 1
0 1
0 1
0 1
0 1
0 1
0 1
0 1
0 1
0 1
0 1
0 1
0 1
0 1
0 1
0 1
0 1
0 1
0 1
0 1
0 1
0 1
0 1
0 1
0 1
0 1
0 1
0 1
0 1
0 1
0 1
0 1
0 1
0 1
0 1
0 1
0 1
0 1
0 1
0 1
0 1
0 1
0 1
0 1
0 1
0 1
0 1
0 1
0 1
0 1
0 1
0 1
0 1
0 1
0 1
0 1
0 1
0 1
0 1
0 1
0 1
0 1
0 1
0 1
0 1
0 1
0 1
0 1
0 1
0 1
0 1
0 1
0 1
0 1
0 1
0 1
0 1
0 1
0 1
0 1
0 1
0 1
0 1
0 1
0 1
0 1
0 1
0 1
0 1
0 1
0 1
0 1
0 1
0 1
0 1
0 1
0 1
0 1
0 1
0 1
0 1
0 1
0 1
0 1
0 1
0 1
0 1
0 1
0 1
0 1
0 1
0 1
0 1
0 1
0 1
0 1
0 1
0 1
0 1
0 1
0 1
0 1
0 1
0 1
0 1
0 1
0 1
0 1
0 1
0 1
0 1
0 1
0 1
0 1
0 1
0 1
0 1
0 1
0 1
0 1
0 1
0 1
0 1
0 1
0 1
0 1
0 1
0 1
0 1
0 1
0 1
0 1
0 1
0 1
0 1
0 1
0 1
0 1
0 1
0 1
0 1
0 1
0 1
0 1
0 1
0 1
0 1
0 1
0 1
0 1
0 1
0 1
0 1
0 1
0 1
0 1
0 1
0 1
0 1
0 1
0 1
0 1
0 1
0 1
0 1
0 1
0 1
0 1
0 1
0 1
0 1
0 1
0 1
0 1
0 1
0 1
0 1
0 1
0 1
0 1
0 1
0 1
0 1
0 1
0 1
0 1
0 1
0 1
0 1
0 1
0 1
0 1
0 1
0 1
0 1
0 1
0 1
0 1
0 1
0 1
0 1
0 1
0 1
0 1
0 1
0 1
0 1
0 1
0 1
0 1
0 1
0 1
0 1
0 1
0 1
0 1
0 1
0 1
0 1
0 1
0 1
0 1
0 1
0 1
0 1
0 1
0 1
0 1
0 1
0 1
0 1
0 1
0 1
0 1
0 1
0 1
0 1
0 1
0 1
0 1
0 1
0 1
0 1
0 1
0 1
0 1
0 1
0 1
0 1
0 1
0 1
0 1
0 1
0 1
0 1
0 1
0 1
0 1
0 1
0 1
0 1
0 1
0 1
0 1
0 1
0 1
0 1
0 1
0 1
0 1
0 1
0 1
0 1
0 1
0 1
0 1
0 1
0 1
0 1
0 1

50.067949239281006 38.69722802004253
43.54735579539556 45.54916973721993
41.10913609663112 42.12549435618712
36.60688063420912 43.21809574661893
54.109515483811265 44.862196791160386
31.861179880186683 32.18167946866015
42.23304729629308 43.27295346005121
30.41770758794155 44.20037772489013
48.494955744128674 38.589418212592136
46.19268274692149 30.463054671126883
37.00899444811512 40.05233526297161
38.15515458291338 40.13014660240151
32.678569549175336 42.55957993546326
26.95159083243925 46.07955727496301
32.884965975856176 49.97381060033513
38.408054408206226 36.591546195180854
28.69016810040921 41.66665769915562
45.56875694655173 33.53104134731984
42.49047343945131 41.095354939840036
35.171542405645596 40.71674540970707
59.71303869595067 33.34839650025242
34.69102359637327 47.64871405402664
31.415822503215168 45.06900960033818
33.88980447178619 44.64693400221586
45.826464629819384 40.727884039164564
46.54973411891842 35.540205890214565
32.354575472534634 48.48163067984933
26.833151906204876 47.63737071435753
39.821248891646974 38.787757402031275
35.57260018023953 36.06757657704293
32.4221045433369 42.139090082084294
41.39024459058419 35.49062395258807
40.191974817367736 46.30890940048266
48.207175047980854 41.86212866657297
39.542789653045475 38.24757031982881
8.305976508645472 5.729043064508005
44.432981447753264 37.90719359009381
9.542074200013303 4.592401160407462
8.562552393661463 5.181415986631691
37.63028848840622 38.68784460565075
39.88573484576773 41.54664852420683
32.05534783989424 42.68147522165964
50.6131939397892 32.64305652804251
48.922434204221645 34.552488550347334
39.453420499979984 39.19737681397237
38.789056932291714 41.28329650823434
33.455263546755305 37.1101768874214
28.995348431635648 39.902082179673016
46.09863885867526 36.21032059661229
32.49369087541709 39.593555696017575

142.34106929056617 174.53637495684632
166.76804380208043 162.06390089634635
150.2248446662177 150.32432783263977
115.12161596881468 202.77788456144023
141.46614157480712 159.32895316973108
92.39839098707992 130.14620868214786
103.25475721484803 153.40572292504564
143.51372642062995 164.5975589677961
154.02147352863554 179.05814384230365
181.92807269079796 198.66261646452594
147.50478858708877 193.3193519261271
137.5328323477143 112.98229463303112
74.60808145617428 225.83455177950452
106.10261420610885 186.63971992229924
127.28886969630044 198.8906759862567
137.12732409898672 155.43796151039953
108.95178784761372 183.84373376462278
128.46528508503536 165.79101288166365
246.0622220557671 161.6794066243161
189.47091847748413 147.8697425352764
126.98494708448382 218.58707380082313
151.25270390367683 198.53154321301858
130.81476951067603 204.2241803477582
114.4976672586877 145.5476498043416
121.64065493730732 230.1731806607082
138.06148371995437 158.1156352365153
112.79854232518838 233.69739313056402
125.62452861692927 186.75767920987255
130.14291573696445 144.29853250705582
114.9977463306772 246.43886282652053
145.06368680623999 207.19286780333016
163.9315158176198 211.43801173026785
150.07025109176237 149.36090325107844
118.20025590610973 107.51943684762075
110.79825614267762 205.08180178744277
90.21117422012199 214.4729580969404
88.17049621072934 245.00771612380126
124.66037788361822 179.75827974013254
146.63329877625594 141.072104791388
134.6002457553112 204.8924724608202
133.9738144031447 32.91251153683738
135.56767760426985 160.90336567311024
87.04279571834816 187.48144261761797
95.30809467855751 224.05578171871448
131.71238701873352 166.22438197002546
200.2124006917265 152.136958886766
112.66921023958503 204.77083195689156
119.56662507413422 176.11091575359245
92.4745616862167 224.36204074482018
136.27016318943075 133.63175229560025

416.7123615273477 219.4656201585549
1052.1838968866057 1023.601275747912
893.0178895164319 900.826377688689
866.5247620141182 869.8019097477884
1348.1833225031212 834.9721076624235
976.9428955377593 1020.9010119747593
1297.918958215707 738.5590568416226
1018.9949293803888 986.8672072090743
976.5198726434281 760.6953560078186
964.6088001591023 802.5268147033953

