0 1
0 1
0 1
0 1
0 1
0 1
0 1
0 1
0 1
0 1
0 1
0 1
0 1
0 1
0 1
0 1
0 1
0 1
0 1
0 1
0 1
0 1
0 1
0 1
0 1
0 1
0 1
0 1
0 1
0 1
0 1
0 1
0 1
0 1
0 1
0 1
0 1
0 1
0 1
0 1
0 1
0 1
0 1
0 1
0 1
0 1
0 1
0 1
0 1
0 1
0 1
0 1
0 1
0 1
0 1
0 1
0 1
0 1
0 1
0 1
0 1
0 1
0 1
0 1
0 1
0 1
0 1
0 1
0 1
0 1
0 1
0 1
0 1
0 1
0 1
0 1
0 1
0 1
0 1
0 1
0 1
0 1
0 1
0 1
0 1
0 1
0 1
0 1
0 1
0 1
0 1
0 1
0 1
0 1
0 1
0 1
0 1
0 1
0 1
0 1
0 1
0 1
0 1
0 1
0 1
0 1
0 1
0 1
0 1
0 1
0 1
0 1
0 1
0 1
0 1
0 1
0 1
0 1
0 1
0 1
0 1
0 1
0 1
0 1
0 1
0 1
0 1
0 1
0 1
0 1
0 1
0 1
0 1
0 1
0 1
0 1
0 1
0 1
0 1
0 1
0 1
0 1
0 1
0 1
0 1
0 1
0 1
0 1
0 1
0 1
0 1
0 1
0 1
0 1
0 1
0 1
0 1
0 1
0 1
0 1
0 1
0 1
0 1
0 1
0 1
0 1
0 1
0 1
0 1
0 1
0 1
0 1
0 1
0 1
0 1
0 1
0 1
0 1
0 1
0 1
0 1
0 1
0 1
0 1
0 1
0 1
0 1
0 1
0 1
0 1
0 1
0 1
0 1
0 1
0 1
0 1
0 1
0 1
0 1
0 1
0 1
0 1
0 1
0 1
0 1
0 1
0 1
0 1
0 1
0 1
0 1
0 1
0 1
0 1
0 1
0 1
0 1
0 1
0 1
0 1
0 1
0 1
0 1
0 1
0 1
0 1
0 1
0 1
0 1
0 1
0 1
0 1
0 1
0 1
0 1
0 1
0 1
0 1
0 1
0 1
0 1
0 1
0 1
0 1
0 1
0 1
0 1
0 1
0 1
0 1
0 1
0 1
0 1
0 1
0 1
0 1
0 1
0 1
0 1
0 1
0 1
0 1
0 1
0 1
0 1
0 1
0 1
0 1
0 1
0 1
0 1
0 1
0 1
0 1
0 1
0 1
0 1
0 1
0 1
0 1
0 1
0 1
0 1
0 1
0 1
0 1
0 1
0 1
0 1
0 1
0 1
0 1
0 1
0 1
0 1
0 1
0 1
0 1
0 1
0 1
0 1
0 1
0 1
0 1
0 1
0 1
0 1
0 1
0 1
0 1
0 1
0 1
0 1
0 1
0 1
0 1
0 1
0 1
0 1
0 1
0 1
0 1
0 1
0 1
0 1
0 1
0 1
0 1
0 1
0 1
0 1
0 1
0 1
0 1
0 1
0 1
0 1
0 1
0 1
0 1
0 1
0 1
0 1
0 1
0 1
0 1
0 1
0 1
0 1
0 1
0 1
0 1
0 1
0 1
0 1
0 1
0 1
0 1
0 1
0 1
0 1
0 1
0 1
0 1
0 1
0 1
0 1
0 1
0 1
0 1
0 1
0 1
0 1
0 1
0 1
0 1
0 1
0 1
0 1
0 1
0 1
0 1
0 1
0 1
0 1
0 1
0 1
0 1
0 1
0 1
0 1
0 1
0 1
0 1
0 1
0 1
0 1
0 1
0 1
0 1
0 1
0 1
0 1
0 1
0 1
0 1
0 1
0 1
0 1
0 1
0 1
0 1
0 1
0 1
0 1
0 1
0 1
0 1
0 1
0 1
0 1
0 1
0 1
0 1
0 1
0 1
0 1
0 1
0 1
0 1
0 1
0 1
0 1
0 1
0 1
0 1
0 1
0 1
0 1
0 1
0 1
0 1
0 1
0 1
0 1
0 1
0 1
0 1
0 1
0 1
0 1
0 1
0 1
0 1
0 1
0 1
0 1
0 1
0 1
0 1
0 1
0 1
0 1
0 1
0 1
0 1
0 1
0 1
0 1
0 1
0 1
0 1
0 1
0 1
0 1
0 1
0 1
0 1
0 1
0 1
0 1
0 1
0 1
0 1
0 1
0 1
0 1
0 1
0 1
0 1
0 1
0 1
0 1
0 1
0 1
0 1
0 1
0 1
0 1
0 1
0 1
0 1
0 1
0 1
0 1
0 1
0 1
0 1
0 1
0 1
0 1
0 1
0 1
0 1
0 1
0 1
0 1
0 1
0 1
0 1
0 1
0 1
0 1
0 1
0 1
0 1
0 1
0 1
0 1
0 1
0 1
0 1
0 1
0 1
0 1
0 1
0 1
0 1
0 1
0 1
0 1
0 1
0 1
0 1
0 1
0 1
0 1
0 1
0 1
0 1
0 1
0 1
0 1
0 1
0 1
0 1
0 1
0 1
0 1
0 1
0 1
0 1
0 1
0 1
0 1
0 1
0 1
0 1
0 1
0 1
0 1
0 1
0 1
0 1
0 1
0 1
0 1
0 1
0 1
0 1
0 1
0 1
0 1
0 1
0 1
0 1
0 1
0 1
0 1
0 1
0 1
0 1
0 1
0 1
0 1
0 1
0 1
0 1
0 1
0 1
0 1
0 1
0 1
0 1
0 1
0 1
0 1
0 1
0 1
0 1
0 1
0 1
0 1
0 1
0 1
0 1
0 1
0 1
0 1
0 1
0 1
0 1
0 1
0 1
0 1
0 1
0 1
0 1
0 1
0 1
0 1
0 1
0 1
0 1
0 1
0 1
0 1
0 1
0 1
0 1
0 1
0 1
0 1
0 1
0 1
0 1
0 1
0 1
0 1
0 1
0 1
0 1
0 1
0 1
0 1
0 1
0 1
0 1
0 1
0 1
0 1
0 1
0 1
0 1
0 1
0 1
0 1
0 1
0 1
0 1
0 1
0 1
0 1
0 1
0 1
0 1
0 1
0 1
0 1
0 1
0 1
0 1
0 1
0 1
0 1
0 1
0 1
0 1
0 1
0 1
0 1
0 1
0 1
0 1
0 1
0 1
0 1
0 1
0 1
0 1
0 1
0 1
0 1
0 1
0 1
0 1
0 1
0 1
0 1
0 1
0 1
0 1
0 1
0 1
0 1
0 1
0 1
0 1
0 1
0 1
0 1
0 1
0 1
0 1
0 1
0 1
0 1
0 1
0 1
0 1
0 1
0 1
0 1
0 1
0 1
0 1
0 1
0 1
0 1
0 1
0 1
0 1
0 1
0 1
0 1
0 1
0 1
0 1
0 1
0 1
0 1
0 1
0 1
0 1
0 1
0 1
0 1
0 1
0 1
0 1
0 1
0 1
0 1
0 1
0 1
0 1
0 1
0 1
0 1
0 1
0 1
0 1
0 1
0 1
0 1
0 1
0 1
0 1
0 1
0 1
0 1
0 1
0 1
0 1

9.116935540324812 50.91369604080249
48.87107039018914 16.470572103237895
-7.324119852631204 78.18829679762275
75.87102377028009 -6.07649962542219
32.12890344013722 34.20468152932233
1.6541229539390554 65.5272422440707
48.68041865344345 23.538759142896474
27.757290261324172 35.18222142401362
46.60312180953108 23.697556850755632
1.0657288680087833 64.74124720279332
57.53448291909218 11.036936780100064
67.42979700876526 8.348720236431795
38.7612683032451 21.953801680593706
22.763212756644158 35.394097168123395
48.83275920879034 13.050037013277018
22.8619205298381 38.92007134234239
41.26548339434981 26.052661559374002
32.07925071561336 33.90093640354094
10.202513270378807 56.53060258764594
52.34543288301178 12.894628534328064
55.70725235030663 9.929475855397733
55.36297118982192 12.671447166582599
28.44416515946985 32.60089521916501
3.8725916417192634 62.65196579694703
66.89800757031581 3.0883444291977584
25.931983412050847 34.6346426869757
53.83392740060106 15.746889466348518
41.87616254169743 18.386299578339326
28.75244036434671 39.88413638094649
-14.157701134446857 90.7032458745243
47.208546801504866 12.137912357910311
-6.455212156053883 74.47894508172116
40.451587381713296 29.78758654341632
32.399870610418276 33.95684646749609
11.483130172496011 47.46904168805711
12.130648349815141 56.66001917848079
49.26450872004824 22.52774801503133
69.55422365283204 4.552185950691072
-11.217600594165045 79.35601763052212
35.47998608402576 22.076738671789048
54.67892228345504 21.58920016086486
34.67059111689876 34.24761921499511
27.930843004449535 35.345204842660024
54.76101602610891 6.580648118395011
76.31456350780601 0.48804470417309226
3.4410643443986864 56.38237264196777
1.4878936104258564 63.420945026390044
42.27646002608008 36.817068258095034
62.16344420062584 10.972949647434685
8.607757038703452 56.00554723451867

444.0844559471712 441.45262323100707
370.0183232357081 329.5931113001368
390.2824222126271 390.78972925979775
297.81027255974084 301.77461357831163
342.880167430544 360.9445884371772
313.19573201985196 343.528938897038
342.60356009124894 341.77060018060985
362.32328261985947 357.85561154797074
312.3752050070592 383.6902164702331
374.7629057969358 346.89149565683397
332.5304129492919 305.9358181756985
426.8144860490377 327.8913724610978
320.4388860946204 419.6455571390098
281.0085982763711 503.4913019314799
298.44096140878344 330.79750203092954
467.2392558086251 319.0268166750272
290.0367686314731 539.9276413855196
347.74182914552347 347.4168695369916
328.72454559668773 348.7411939306903
596.2515515055422 299.2827051309875
350.7717141659842 398.32174073206795
359.8243695561598 359.8007107631707
381.03202072821455 340.18784233807764
422.05061841162023 395.877110261423
332.0043586104909 466.0426246540809
354.9522093341548 375.4517544043242
394.4153768924235 415.09527255908733
404.1778353186427 418.9393186637232
329.4168283151854 329.958792799463
276.65198739965507 287.42911356534097
389.99639274767793 388.6117371404036
601.3658985836271 272.24880880537916
542.5265899092066 271.1297187703618
268.9315898005792 427.11324869569415
392.7847795335311 411.909479723942
365.8613715625935 305.2080635413007
345.9016321956661 370.3769818758381
372.00825366979257 406.0985529280784
442.87353450152773 358.34489932361015
403.53430809789745 406.13861175526233
355.039257228627 336.6376402488381
433.85136555562264 418.40842171141725
429.29998419425084 427.2803402299551
321.93541819064336 338.83048344269355
299.69639359448615 328.2874254698726
299.3161962269716 661.5871125333118
327.338325707678 394.1871825268142
303.17991058015167 328.9154099419704
294.3855356822925 532.8077362203666
360.28879926726444 281.3968147029655

6132.795901113419 5678.395707979713
5594.787510040487 6259.887845271243
5588.070204405968 6308.69002173145
4896.785604393686 7019.87618143008
4801.037193237707 5751.041263685715
5741.444345130473 5403.104095033521
5398.8585850359295 7470.604423394725
5324.716144290813 5408.896580945054
6438.973850851224 6391.483846510338
5862.8341423464335 6623.235798186915
6813.083106969939 5200.854581479063
4920.685589315164 4540.600469801813
6506.642790288457 4617.807020348557
5385.548402278642 5011.206387968698
4655.860629647228 7000.046253695943
5902.156771917122 6222.865937967113
6413.267808185923 5858.612667406356
5629.231540138439 6714.165661137012
5172.688859976343 5389.243145756674
5816.035889433387 7304.941354391154
6713.841066600438 4895.465996242153
4852.264941107411 7823.472314901875
5622.32401887419 6445.674873528722
6369.067998686243 5933.168081601573
6572.270164002761 5132.729876552991
5425.435917455011 5628.3239249326425
4852.186780977044 6736.650802331078
5559.365911388947 6048.995256008305
5709.202175179695 6006.506034233583
5930.145758092795 5184.608038318365
6623.7053308446575 5078.778751864733
6142.17636011546 4805.559644769122
6020.526331598297 6318.813214154359
5885.338634882939 5215.7267781903865
4708.660338257019 6662.833049600177
6165.993767488133 4930.146003755785
5666.9897048472185 6305.669911074254
5608.652958971852 4459.290179680014
6320.827312456199 6307.155052426941
5035.9654911141115 4737.341627335371
4930.078998315926 6215.428779443137
6381.106921379606 4573.250116634304
5568.327031078975 5219.844540084824
4882.604668447375 5876.798121740361
5152.45480467503 5871.251612946935
5708.059610955384 5641.47575139093
5768.481379613196 5749.578478160621
5212.91258383092 6876.659200480753
5188.83342096688 3953.204336480803
5089.073244703377 5235.821646309626

inf inf
inf inf
inf inf
inf inf
inf inf
inf inf
inf inf
inf inf
inf inf
inf inf

