0 1
0 1
0 1
0 1
0 1
0 1
0 1
0 1
0 1
0 1
0 1
0 1
0 1
0 1
0 1
0 1
0 1
0 1
0 1
0 1
0 1
0 1
0 1
0 1
0 1
0 1
0 1
0 1
0 1
0 1
0 1
0 1
0 1
0 1
0 1
0 1
0 1
0 1
0 1
0 1
0 1
0 1
0 1
0 1
0 1
0 1
0 1
0 1
0 1
0 1
0 1
0 1
0 1
0 1
0 1
0 1
0 1
0 1
0 1
0 1
0 1
0 1
0 1
0 1
0 1
0 1
0 1
0 1
0 1
0 1
0 1
0 1
0 1
0 1
0 1
0 1
0 1
0 1
0 1
0 1
0 1
0 1
0 1
0 1
0 1
0 1
0 1
0 1
0 1
0 1
0 1
0 1
0 1
0 1
0 1
0 1
0 1
0 1
0 1
0 1
0 1
0 1
0 1
0 1
0 1
0 1
0 1
0 1
0 1
0 1
0 1
0 1
0 1
0 1
0 1
0 1
0 1
0 1
0 1
0 1
0 1
0 1
0 1
0 1
0 1
0 1
0 1
0 1
0 1
0 1
0 1
0 1
0 1
0 1
0 1
0 1
0 1
0 1
0 1
0 1
0 1
0 1
0 1
0 1
0 1
0 1
0 1
0 1
0 1
0 1
0 1
0 1
0 1
0 1
0 1
0 1
0 1
0 1
0 1
0 1
0 1
0 1
0 1
0 1
0 1
0 1
0 1
0 1
0 1
0 1
0 1
0 1
0 1
0 1
0 1
0 1
0 1
0 1
0 1
0 1
0 1
0 1
0 1
0 1
0 1
0 1
0 1
0 1
0 1
0 1
0 1
0 1
0 1
0 1
0 1
0 1
0 1
0 1
0 1
0 1
0 1
0 1
0 1
0 1
0 1
0 1
0 1
0 1
0 1
0 1
0 1
0 1
0 1
0 1
0 1
0 1
0 1
0 1
0 1
0 1
0 1
0 1
0 1
0 1
0 1
0 1
0 1
0 1
0 1
0 1
0 1
0 1
0 1
0 1
0 1
0 1
0 1
0 1
0 1
0 1
0 1
0 1
0 1
0 1
0 1
0 1
0 1
0 1
0 1
0 1
0 1
0 1
0 1
0 1
0 1
0 1
0 1
0 1
0 1
0 1
0 1
0 1
0 1
0 1
0 1
0 1
0 1
0 1
0 1
0 1
0 1
0 1
0 1
0 1
0 1
0 1
0 1
0 1
0 1
0 1
0 1
0 1
0 1
0 1
0 1
0 1
0 1
0 1
0 1
0 1
0 1
0 1
0 1
0 1
0 1
0 1
0 1
0 1
0 1
0 1
0 1
0 1
0 1
0 1
0 1
0 1
0 1
0 1
0 1
0 1
0 1
0 1
0 1
0 1
0 1
0 1
0 1
0 1
0 1
0 1
0 1
0 1
0 1
0 1
0 1
0 1
0 1
0 1
0 1
0 1
0 1
0 1
0 1
0 1
0 1
0 1
0 1
0 1
0 1
0 1
0 1
0 1
0 1
0 1
0 1
0 1
0 1
0 1
0 1
0 1
0 1
0 1
0 1
0 1
0 1
0 1
0 1
0 1
0 1
0 1
0 1
0 1
0 1
0 1
0 1
0 1
0 1
0 1
0 1
0 1
0 1
0 1
0 1
0 1
0 1
0 1
0 1
0 1
0 1
0 1
0 1
0 1
0 1
0 1
0 1
0 1
0 1
0 1
0 1
0 1
0 1
0 1
0 1
0 1
0 1
0 1
0 1
0 1
0 1
0 1
0 1
0 1
0 1
0 1
0 1
0 1
0 1
0 1
0 1
0 1
0 1
0 1
0 1
0 1
0 1
0 1
0 1
0 1
0 1
0 1
0 1
0 1
0 1
0 1
0 1
0 1
0 1
0 1
0 1
0 1
0 1
0 1
0 1
0 1
0 1
0 1
0 1
0 1
0 1
0 1
0 1
0 1
0 1
0 1
0 1
0 1
0 1
0 1
0 1
0 1
0 1
0 1
0 1
0 1
0 1
0 1
0 1
0 1
0 1
0 1
0 1
0 1
0 1
0 1
0 1
0 1
0 1
0 1
0 1
0 1
0 1
0 1
0 1
0 1
0 1
0 1
0 1
0 1
0 1
0 1
0 1
0 1
0 1
0 1
0 1
0 1
0 1
0 1
0 1
0 1
0 1
0 1
0 1
0 1
0 1
0 1
0 1
0 1
0 1
0 1
0 1
0 1
0 1
0 1
0 1
0 1
0 1
0 1
0 1
0 1
0 1
0 1
0 1
0 1
0 1
0 1
0 1
0 1
0 1
0 1
0 1
0 1
0 1
0 1
0 1
0 1
0 1
0 1
0 1
0 1
0 1
0 1
0 1
0 1
0 1
0 1
0 1
0 1
0 1
0 1
0 1
0 1
0 1
0 1
0 1
0 1
0 1
0 1
0 1
0 1
0 1
0 1
0 1
0 1
0 1
0 1
0 1
0 1
0 1
0 1
0 1
0 1
0 1
0 1
0 1
0 1
0 1
0 1
0 1
0 1
0 1
0 1
0 1
0 1
0 1
0 1
0 1
0 1
0 1
0 1
0 1
0 1
0 1
0 1
0 1
0 1
0 1
0 1
0 1
0 1
0 1
0 1
0 1
0 1
0 1
0 1
0 1
0 1
0 1
0 1
0 1
0 1
0 1
0 1
0 1
0 1
0 1
0 1
0 1
0 1
0 1
0 1
0 1
0 1
0 1
0 1
0 1
0 1
0 1
0 1
0 1
0 1
0 1
0 1
0 1
0 1
0 1
0 1
0 1
0 1
0 1
0 1
0 1
0 1
0 1
0 1
0 1
0 1
0 1
0 1
0 1
0 1
0 1
0 1
0 1
0 1
0 1
0 1
0 1
0 1
0 1
0 1
0 1
0 1
0 1
0 1
0 1
0 1
0 1
0 1
0 1
0 1
0 1
0 1
0 1
0 1
0 1
0 1
0 1
0 1
0 1
0 1
0 1
0 1
0 1
0 1
0 1
0 1
0 1
0 1
0 1
0 1
0 1
0 1
0 1
0 1
0 1
0 1
0 1
0 1
0 1
0 1
0 1
0 1
0 1
0 1
0 1
0 1
0 1
0 1
0 1
0 1
0 1
0 1
0 1
0 1
0 1
0 1
0 1
0 1
0 1
0 1
0 1
0 1
0 1
0 1
0 1
0 1
0 1
0 1
0 1
0 1
0 1
0 1
0 1
0 1
0 1
0 1
0 1
0 1
0 1
0 1
0 1
0 1
0 1
0 1
0 1
0 1
0 1
0 1
0 1
0 1
0 1
0 1
0 1
0 1
0 1
0 1
0 1
0 1
0 1
0 1
0 1
0 1
0 1
0 1
0 1
0 1
0 1
0 1
0 1
0 1
0 1
0 1
0 1
0 1
0 1
0 1
0 1
0 1
0 1
0 1
0 1
0 1
0 1
0 1
0 1
0 1
0 1
0 1
0 1
0 1
0 1
0 1

45.21517916828715 43.07554180603881
-16.842356005215212 110.70090787205662
31.36139573408812 40.750508671908676
0.4846276326442063 91.24824503231457
-3.406153125781949 91.4158286342551
84.50655904772387 1.80675549382216
77.12615447806746 6.6435521188582225
17.675474325018737 62.4719055627625
18.737970787663855 70.7846004685758
10.100316772319823 78.19354880761198
42.01281743639374 44.2014023712241
30.931815544223525 51.435849527123025
34.09858424616205 56.885289928351476
50.78329364560223 39.988022854403894
-3.1962625187013236 88.76207380513155
45.764523139036775 41.08372429378998
59.37060999887817 32.383762354892966
23.446400288972697 64.24097721062043
9.646349711038903 64.63177806431426
47.82357339523641 37.68762759523625
4.534686025136835 77.46435991359998
30.80465750489401 57.61039095069774
60.60800221811677 25.500710930934584
76.8662917332555 5.466748421302959
70.3365352597538 17.594568065821576
7.839543148994993 88.07148959199588
18.5914566204378 62.62701056345463
27.673598751681354 58.1392569351454
53.054942262452 28.785619224445888
61.31314422020577 19.38224162889718
-4.901512812812209 103.1931091673865
4.112362905146134 90.57627347869668
63.556966845857055 19.564106170670165
32.652830176819016 50.69845370152596
80.64683226133008 17.801132845087935
70.22056749762932 18.617331076807552
-6.345526290644831 90.85329141059496
46.755541381655256 40.50888999239745
7.679854944272075 86.18522280428425
41.869958728221135 47.11244467474729
-0.34080167288852453 87.56535728544799
51.680143780320016 38.357740025448024
-3.1624417371558042 100.64717038854783
38.11790668952144 47.82393853399953
93.90091668246545 6.038067372067976
94.97121418910577 -5.046517653299405
49.08291847320795 39.63477086284548
36.20147651309344 39.113727503410665
45.32251910384446 35.06914658935002
47.15883908957107 35.87787256903424

525.2952112454011 472.64352378645117
332.30703795121093 653.0087982938693
753.5336762016085 571.8570641816417
436.88965304752617 629.6834798041855
555.0182521737104 727.9414547022789
503.842615873558 631.6868573596346
593.5629196231076 871.949730911176
865.975899483463 608.1993667834455
639.7639208480363 586.6918176164127
554.1731195694571 693.9333021271741
778.6205989454414 509.2993396448691
514.0413998994029 686.5616957382465
819.9508829304 530.2685867987958
851.624647686665 424.33786973067487
771.4705116969564 436.6966561506863
506.14997112057324 849.0036239092226
380.66401628684656 645.8655413768442
453.6459418822023 609.3129750611087
478.0772602997975 748.6384746693477
784.9721058186622 595.7597974417495
480.2405440497199 623.630969993273
547.966862073184 667.2935118843142
775.1563343981118 573.0103358358342
604.1795669774169 809.8612369487586
632.3548095466128 694.861539470994
586.556747363669 788.0105284604357
857.7065188727556 558.2669339682302
905.9007295097837 479.2063291536966
694.8908819650151 411.68562146257193
549.8960573905888 830.4745839320602
361.5418070971998 863.1424039660149
452.28549634598556 663.4661406441687
882.1991377855425 591.8903271892942
598.1460940341152 689.6367445502985
635.1148624372444 540.0959649403499
659.3904822953094 505.19825903912243
786.2898860885255 589.5772121937998
465.6461220528972 727.6056484297574
523.7280132208328 614.4880142064708
630.8016862155494 452.2254560165627
810.6210994165664 604.9921454370631
544.8677042623494 636.6582749620906
735.9387322734436 439.77228686465156
604.9700580228797 852.4852213442337
675.5560387587111 582.5987704554798
673.3893412138165 588.5510078695565
480.3133270669988 737.0384886057906
842.2763756614445 452.4446662874318
763.8684420073278 446.987082409805
796.0294872954804 561.3752418758397

inf inf
inf inf
inf inf
inf 30272.16703216767
10570.93470027045 inf
inf inf
inf inf
inf inf
inf inf
inf inf

