0 0.05
0 0.05
0 0.05
0 0.05
0 0.05
0 0.05
0 0.05
0 0.05
0 0.05
0 0.05
0 0.05
0 0.05
0 0.05
0 0.05
0 0.05
0 0.05
0 0.05
0 0.05
0 0.05
0 0.05
0 0.05
0 0.05
0 0.05
0 0.05
0 0.05
0 0.05
0 0.05
0 0.05
0 0.05
0 0.05
0 0.05
0 0.05
0 0.05
0 0.05
0 0.05
0 0.05
0 0.05
0 0.05
0 0.05
0 0.05
0 0.05
0 0.05
0 0.05
0 0.05
0 0.05
0 0.05
0 0.05
0 0.05
0 0.05
0 0.05
0 0.05
0 0.05
0 0.05
0 0.05
0 0.05
0 0.05
0 0.05
0 0.05
0 0.05
0 0.05
0 0.05
0 0.05
0 0.05
0 0.05
0 0.05
0 0.05
0 0.05
0 0.05
0 0.05
0 0.05
0 0.05
0 0.05
0 0.05
0 0.05
0 0.05
0 0.05
0 0.05
0 0.05
0 0.05
0 0.05
0 0.05
0 0.05
0 0.05
0 0.05
0 0.05
0 0.05
0 0.05
0 0.05
0 0.05
0 0.05
0 0.05
0 0.05
0 0.05
0 0.05
0 0.05
0 0.05
0 0.05
0 0.05
0 0.05
0 0.05
0 0.05
0 0.05
0 0.05
0 0.05
0 0.05
0 0.05
0 0.05
0 0.05
0 0.05
0 0.05
0 0.05
0 0.05
0 0.05
0 0.05
0 0.05
0 0.05
0 0.05
0 0.05
0 0.05
0 0.05
0 0.05
0 0.05
0 0.05
0 0.05
0 0.05
0 0.05
0 0.05
0 0.05
-0.09901961386203766 0.19901961386203765
-0.9460784316062927 1
-0.3774509847164154 0.4774509847164154
0 0.05
0 0.05
0 0.05
0 0.05
0 0.05
0 0.05
0 0.05
0 0.05
0 0.05
0 0.05
0 0.05
0 0.05
0 0.05
0 0.05
0 0.05
0 0.05
0 0.05
0 0.05
0 0.05
0 0.05
0 0.05
0 0.05
0 0.05
0 0.05
0 0.05
-0.29117648005485536 0.39117648005485534
-0.9382352948188781 1
-0.271568638086319 0.37156863808631896
0 0.05
0 0.05
0 0.05
0 0.05
0 0.05
0 0.05
0 0.05
0 0.05
0 0.05
0 0.05
0 0.05
0 0.05
0 0.05
0 0.05
0 0.05
0 0.05
0 0.05
0 0.05
0 0.05
0 0.05
0 0.05
0 0.05
0 0.05
0 0.05
0 0.05
-0.47941179275512696 0.579411792755127
-0.8950980424880981 0.9950980424880982
0 0.05
0 0.05
0 0.05
0 0.05
0 0.05
0 0.05
0 0.05
0 0.05
0 0.05
0 0.05
0 0.05
0 0.05
0 0.05
0 0.05
0 0.05
0 0.05
0 0.05
0 0.05
0 0.05
0 0.05
0 0.05
0 0.05
0 0.05
0 0.05
0 0.05
-0.1264705926179886 0.22647059261798858
-0.9068627476692199 1
-0.538235318660736 0.6382353186607361
0 0.05
0 0.05
0 0.05
0 0.05
0 0.05
0 0.05
0 0.05
0 0.05
0 0.05
0 0.05
0 0.05
0 0.05
0 0.05
0 0.05
0 0.05
0 0.05
0 0.05
0 0.05
0 0.05
0 0.05
0 0.05
0 0.05
0 0.05
0 0.05
0 0.05
-0.27941177487373353 0.3794117748737335
-0.9460784316062927 1
-0.19705882370471955 0.29705882370471953
0 0.05
0 0.05
0 0.05
0 0.05
0 0.05
0 0.05
0 0.05
0 0.05
0 0.05
0 0.05
0 0.05
0 0.05
0 0.05
0 0.05
0 0.05
0 0.05
0 0.05
0 0.05
0 0.05
0 0.05
0 0.05
0 0.05
0 0.05
0 0.05
0 0.05
-0.7421568751335144 0.8421568751335144
-0.8245098114013671 0.9245098114013672
0 0.09313725605607033
0 0.05
0 0.05
0 0.05
0 0.05
0 0.05
0 0.05
0 0.05
0 0.05
0 0.05
0 0.05
0 0.05
0 0.05
0 0.05
0 0.05
0 0.05
0 0.05
0 0.05
0 0.05
0 0.05
0 0.05
0 0.05
0 0.05
0 0.05
0 0.05
-0.075490203499794 0.175490203499794
-0.9460784316062927 1
-0.7970588326454162 0.8970588326454163
0 0.05
0 0.05
0 0.05
0 0.05
0 0.05
0 0.05
0 0.05
0 0.05
0 0.05
0 0.05
0 0.05
0 0.05
0 0.05
0 0.05
0 0.05
0 0.05
0 0.05
0 0.05
0 0.05
0 0.05
0 0.05
0 0.05
0 0.05
0 0.05
0 0.05
-0.32254902720451356 0.42254902720451354
-0.9460784316062927 1
-0.7147058963775634 0.8147058963775635
0 0.05
0 0.05
0 0.05
0 0.05
0 0.05
0 0.05
0 0.05
0 0.05
0 0.05
0 0.05
0 0.05
0 0.05
0 0.05
0 0.05
0 0.05
0 0.05
0 0.05
0 0.05
0 0.05
0 0.05
0 0.05
0 0.05
0 0.05
0 0.05
0 0.05
-0.49901963472366334 0.5990196347236634
-0.9460784316062927 1
-0.2519607961177826 0.3519607961177826
0 0.05
0 0.05
0 0.05
0 0.05
0 0.05
0 0.05
0 0.05
0 0.05
0 0.05
0 0.05
0 0.05
0 0.05
0 0.05
0 0.05
0 0.05
0 0.05
0 0.05
0 0.05
0 0.05
0 0.05
0 0.05
0 0.05
0 0.05
0 0.05
-0.1735294133424759 0.2735294133424759
-0.879411768913269 0.9794117689132691
-0.7539215803146362 0.8539215803146363
0 0.0813725508749485
0 0.05
0 0.05
0 0.05
0 0.05
0 0.05
0 0.05
0 0.05
0 0.05
0 0.05
0 0.05
0 0.05
0 0.05
0 0.05
0 0.05
0 0.05
0 0.05
0 0.05
0 0.05
0 0.05
0 0.05
0 0.05
0 0.05
0 0.05
0 0.05
-0.43627451062202455 0.5362745106220246
-0.95 1
-0.5970588445663452 0.6970588445663453
0 0.05
0 0.05
0 0.05
0 0.05
0 0.05
0 0.05
0 0.05
0 0.05
0 0.05
0 0.05
0 0.05
0 0.05
0 0.05
0 0.05
0 0.05
0 0.05
0 0.05
0 0.05
0 0.05
0 0.05
0 0.05
0 0.05
0 0.05
0 0.05
0 0.05
-0.6205882549285888 0.7205882549285889
-0.9460784316062927 1
-0.2676470696926117 0.3676470696926117
0 0.05
0 0.05
0 0.05
0 0.05
0 0.05
0 0.05
0 0.05
0 0.05
0 0.05
0 0.05
0 0.05
0 0.05
0 0.05
0 0.05
0 0.05
0 0.05
0 0.05
0 0.05
0 0.05
0 0.05
0 0.05
0 0.05
0 0.05
0 0.05
-0.044117648899555204 0.1441176488995552
-0.8598039269447326 0.9598039269447327
-0.7931372642517089 0.893137264251709
0 0.05
0 0.05
0 0.05
0 0.05
0 0.05
0 0.05
0 0.05
0 0.05
0 0.05
0 0.05
0 0.05
0 0.05
0 0.05
0 0.05
0 0.05
0 0.05
0 0.05
0 0.05
0 0.05
0 0.05
0 0.05
0 0.05
0 0.05
0 0.05
0 0.05
-0.42058823704719545 0.5205882370471955
-0.9460784316062927 1
-0.5735294342041015 0.6735294342041016
0 0.05
0 0.05
0 0.05
0 0.05
0 0.05
0 0.05
0 0.05
0 0.05
0 0.05
0 0.05
0 0.05
0 0.05
0 0.05
0 0.05
0 0.05
0 0.05
0 0.05
0 0.05
0 0.05
0 0.05
0 0.05
0 0.05
0 0.05
0 0.05
0 0.05
-0.5421568870544433 0.6421568870544434
-0.9460784316062927 1
-0.5068627715110778 0.6068627715110779
0 0.05
0 0.05
0 0.05
0 0.05
0 0.05
0 0.05
0 0.05
0 0.05
0 0.05
0 0.05
0 0.05
0 0.05
0 0.05
0 0.05
0 0.05
0 0.05
0 0.05
0 0.05
0 0.05
0 0.05
0 0.05
0 0.05
0 0.05
0 0.05
0 0.05
-0.8441176533699035 0.9441176533699036
-0.9460784316062927 1
-0.20882354378700257 0.30882354378700255
0 0.05
0 0.05
0 0.05
0 0.05
0 0.05
0 0.05
0 0.05
0 0.05
0 0.05
0 0.05
0 0.05
0 0.05
0 0.05
0 0.05
0 0.05
0 0.05
0 0.05
0 0.05
0 0.05
0 0.05
0 0.05
0 0.05
0 0.05
0 0.05
-0.189215686917305 0.289215686917305
-0.9343137264251709 1
-0.9460784316062927 1
-0.20882354378700257 0.30882354378700255
0 0.05
0 0.05
0 0.05
0 0.05
0 0.05
0 0.05
0 0.05
0 0.05
0 0.05
0 0.05
0 0.05
0 0.05
0 0.05
0 0.05
0 0.05
0 0.05
0 0.05
0 0.05
0 0.05
0 0.05
0 0.05
0 0.05
0 0.05
0 0.05
-0.5029412031173706 0.6029412031173706
-0.9460784316062927 1
-0.7539215803146362 0.8539215803146363
0 0.061764706112444404
0 0.05
0 0.05
0 0.05
0 0.05
0 0.05
0 0.05
0 0.05
0 0.05
0 0.05
0 0.05
0 0.05
0 0.05
0 0.05
0 0.05
0 0.05
0 0.05
0 0.05
0 0.05
0 0.05
0 0.05
0 0.05
0 0.05
0 0.05
0 0.08921568766236306
-0.7931372642517089 0.893137264251709
-0.9460784316062927 1
-0.4245098054409027 0.5245098054409028
0 0.05
0 0.05
0 0.05
0 0.05
0 0.05
0 0.05
0 0.05
0 0.05
0 0.05
0 0.05
0 0.05
0 0.05
0 0.05
0 0.05
0 0.05
0 0.05
0 0.05
0 0.05
0 0.05
0 0.05
0 0.05
0 0.05
0 0.05
0 0.05
0 0.06960784383118153
-0.7264706015586853 0.8264706015586853
-0.6401960968971252 0.7401960968971253
0 0.08921568766236306
0 0.05
0 0.05
0 0.05
0 0.05
0 0.05
0 0.05
0 0.05
0 0.05
0 0.05
0 0.05
0 0.05
0 0.05
0 0.05
0 0.05
0 0.05
0 0.05
0 0.05
0 0.05
0 0.05
0 0.05
0 0.05
0 0.05
0 0.05
0 0.05
0 0.05
0 0.05
0 0.05
0 0.05
0 0.05
0 0.05
0 0.05
0 0.05
0 0.05
0 0.05
0 0.05
0 0.05
0 0.05
0 0.05
0 0.05
0 0.05
0 0.05
0 0.05
0 0.05
0 0.05
0 0.05
0 0.05
0 0.05
0 0.05
0 0.05
0 0.05
0 0.05
0 0.05
0 0.05
0 0.05
0 0.05
0 0.05
0 0.05
0 0.05
0 0.05
0 0.05
0 0.05
0 0.05
0 0.05
0 0.05
0 0.05
0 0.05
0 0.05
0 0.05
0 0.05
0 0.05
0 0.05
0 0.05
0 0.05
0 0.05
0 0.05
0 0.05
0 0.05
0 0.05
0 0.05
0 0.05
0 0.05
0 0.05
0 0.05
0 0.05
0 0.05
0 0.05
0 0.05
0 0.05
0 0.05
0 0.05
0 0.05
0 0.05
0 0.05
0 0.05
0 0.05
0 0.05
0 0.05
0 0.05
0 0.05
0 0.05
0 0.05
0 0.05
0 0.05
0 0.05
0 0.05
0 0.05
0 0.05
0 0.05
0 0.05
0 0.05
0 0.05
0 0.05
0 0.05
0 0.05
0 0.05
0 0.05
0 0.05
0 0.05
0 0.05
0 0.05
0 0.05
0 0.05
0 0.05
0 0.05
0 0.05
0 0.05

49.42 11.0873
47.4223 16.1435
21.487 44.5068
7.7839 57.4611
62.6773 6.8664

11.1511 3.0319
7.0917 4.9842
4.2743 4.6428
5.8719 3.2389
8.2676 6.9037

5.0595 7.7324
4.4411 5.7578
5.8173 8.1474
7.2512 6.5074
6.5862 5.2515

32.9841 12.5987
51.2689 10.2541
37.5581 7.2058
23.3943 9.7468
23.2517 9.7169
25.5758 8.7331
24.6255 8.5103
31.9817 12.1825
30.0856 9.1678
30.3332 11.7896

