0 0.011
0 0.011
0 0.011
0 0.011
0 0.011
0 0.011
0 0.011
0 0.011
0 0.011
0 0.011
0 0.011
0 0.011
0 0.011
0 0.011
0 0.011
0 0.011
0 0.011
0 0.011
0 0.011
0 0.011
0 0.011
0 0.011
0 0.011
0 0.011
0 0.011
0 0.011
0 0.011
0 0.011
0 0.011
0 0.011
0 0.011
0 0.011
0 0.011
0 0.011
0 0.011
0 0.011
0 0.011
0 0.011
0 0.011
0 0.011
0 0.011
0 0.011
0 0.011
0 0.011
0 0.011
0 0.011
0 0.011
0 0.011
0 0.011
0 0.011
0 0.011
0 0.011
0 0.011
0 0.011
0 0.011
0 0.011
0 0.011
0 0.011
0 0.011
0 0.011
0 0.011
0 0.011
0 0.011
0 0.011
0 0.011
0 0.011
0 0.011
0 0.011
0 0.011
0 0.011
0 0.011
0 0.011
0 0.011
0 0.011
0 0.011
0 0.011
0 0.011
0 0.011
0 0.011
0 0.011
0 0.011
0 0.011
0 0.011
0 0.011
0 0.011
0 0.011
0 0.011
0 0.011
0 0.011
0 0.011
0 0.011
0 0.011
0 0.011
0 0.011
0 0.011
0 0.011
0 0.011
0 0.011
0 0.011
0 0.011
0 0.011
0 0.011
0 0.011
0 0.011
0 0.011
0 0.011
0 0.011
0 0.011
0 0.011
0 0.011
0 0.011
0 0.011
0 0.011
0 0.011
0 0.011
0 0.011
0 0.011
0 0.011
0 0.011
0 0.011
0 0.011
0 0.011
0 0.011
0 0.011
0 0.011
0 0.011
0 0.011
0 0.011
-0.13801961386203765 0.16001961386203767
-0.9850784316062927 1
-0.4164509847164154 0.4384509847164154
0 0.011
0 0.011
0 0.011
0 0.011
0 0.011
0 0.011
0 0.011
0 0.011
0 0.011
0 0.011
0 0.011
0 0.011
0 0.011
0 0.011
0 0.011
0 0.011
0 0.011
0 0.011
0 0.011
0 0.011
0 0.011
0 0.011
0 0.011
0 0.011
0 0.011
-0.33017648005485534 0.35217648005485536
-0.9772352948188782 0.9992352948188782
-0.31056863808631896 0.332568638086319
0 0.011
0 0.011
0 0.011
0 0.011
0 0.011
0 0.011
0 0.011
0 0.011
0 0.011
0 0.011
0 0.011
0 0.011
0 0.011
0 0.011
0 0.011
0 0.011
0 0.011
0 0.011
0 0.011
0 0.011
0 0.011
0 0.011
0 0.011
0 0.011
0 0.011
-0.5184117927551269 0.540411792755127
-0.9340980424880981 0.9560980424880982
0 0.011
0 0.011
0 0.011
0 0.011
0 0.011
0 0.011
0 0.011
0 0.011
0 0.011
0 0.011
0 0.011
0 0.011
0 0.011
0 0.011
0 0.011
0 0.011
0 0.011
0 0.011
0 0.011
0 0.011
0 0.011
0 0.011
0 0.011
0 0.011
0 0.011
-0.16547059261798858 0.1874705926179886
-0.94586274766922 0.96786274766922
-0.5772353186607361 0.5992353186607361
0 0.011
0 0.011
0 0.011
0 0.011
0 0.011
0 0.011
0 0.011
0 0.011
0 0.011
0 0.011
0 0.011
0 0.011
0 0.011
0 0.011
0 0.011
0 0.011
0 0.011
0 0.011
0 0.011
0 0.011
0 0.011
0 0.011
0 0.011
0 0.011
0 0.011
-0.3184117748737335 0.34041177487373353
-0.9850784316062927 1
-0.23605882370471953 0.25805882370471955
0 0.011
0 0.011
0 0.011
0 0.011
0 0.011
0 0.011
0 0.011
0 0.011
0 0.011
0 0.011
0 0.011
0 0.011
0 0.011
0 0.011
0 0.011
0 0.011
0 0.011
0 0.011
0 0.011
0 0.011
0 0.011
0 0.011
0 0.011
0 0.011
0 0.011
-0.7811568751335144 0.8031568751335144
-0.8635098114013672 0.8855098114013672
-0.032137256056070325 0.05413725605607033
0 0.011
0 0.011
0 0.011
0 0.011
0 0.011
0 0.011
0 0.011
0 0.011
0 0.011
0 0.011
0 0.011
0 0.011
0 0.011
0 0.011
0 0.011
0 0.011
0 0.011
0 0.011
0 0.011
0 0.011
0 0.011
0 0.011
0 0.011
0 0.011
-0.11449020349979401 0.13649020349979402
-0.9850784316062927 1
-0.8360588326454162 0.8580588326454163
0 0.011
0 0.011
0 0.011
0 0.011
0 0.011
0 0.011
0 0.011
0 0.011
0 0.011
0 0.011
0 0.011
0 0.011
0 0.011
0 0.011
0 0.011
0 0.011
0 0.011
0 0.011
0 0.011
0 0.011
0 0.011
0 0.011
0 0.011
0 0.011
0 0.011
-0.36154902720451354 0.38354902720451356
-0.9850784316062927 1
-0.7537058963775635 0.7757058963775635
0 0.011
0 0.011
0 0.011
0 0.011
0 0.011
0 0.011
0 0.011
0 0.011
0 0.011
0 0.011
0 0.011
0 0.011
0 0.011
0 0.011
0 0.011
0 0.011
0 0.011
0 0.011
0 0.011
0 0.011
0 0.011
0 0.011
0 0.011
0 0.011
0 0.011
-0.5380196347236633 0.5600196347236633
-0.9850784316062927 1
-0.2909607961177826 0.3129607961177826
0 0.011
0 0.011
0 0.011
0 0.011
0 0.011
0 0.011
0 0.011
0 0.011
0 0.011
0 0.011
0 0.011
0 0.011
0 0.011
0 0.011
0 0.011
0 0.011
0 0.011
0 0.011
0 0.011
0 0.011
0 0.011
0 0.011
0 0.011
0 0.011
-0.21252941334247588 0.2345294133424759
-0.918411768913269 0.940411768913269
-0.7929215803146362 0.8149215803146362
-0.0203725508749485 0.042372550874948504
0 0.011
0 0.011
0 0.011
0 0.011
0 0.011
0 0.011
0 0.011
0 0.011
0 0.011
0 0.011
0 0.011
0 0.011
0 0.011
0 0.011
0 0.011
0 0.011
0 0.011
0 0.011
0 0.011
0 0.011
0 0.011
0 0.011
0 0.011
0 0.011
-0.4752745106220245 0.49727451062202455
-0.989 1
-0.6360588445663452 0.6580588445663452
0 0.011
0 0.011
0 0.011
0 0.011
0 0.011
0 0.011
0 0.011
0 0.011
0 0.011
0 0.011
0 0.011
0 0.011
0 0.011
0 0.011
0 0.011
0 0.011
0 0.011
0 0.011
0 0.011
0 0.011
0 0.011
0 0.011
0 0.011
0 0.011
0 0.011
-0.6595882549285889 0.6815882549285889
-0.9850784316062927 1
-0.3066470696926117 0.3286470696926117
0 0.011
0 0.011
0 0.011
0 0.011
0 0.011
0 0.011
0 0.011
0 0.011
0 0.011
0 0.011
0 0.011
0 0.011
0 0.011
0 0.011
0 0.011
0 0.011
0 0.011
0 0.011
0 0.011
0 0.011
0 0.011
0 0.011
0 0.011
0 0.011
-0.08311764889955521 0.1051176488995552
-0.8988039269447327 0.9208039269447327
-0.832137264251709 0.854137264251709
0 0.011
0 0.011
0 0.011
0 0.011
0 0.011
0 0.011
0 0.011
0 0.011
0 0.011
0 0.011
0 0.011
0 0.011
0 0.011
0 0.011
0 0.011
0 0.011
0 0.011
0 0.011
0 0.011
0 0.011
0 0.011
0 0.011
0 0.011
0 0.011
0 0.011
-0.4595882370471954 0.48158823704719544
-0.9850784316062927 1
-0.6125294342041016 0.6345294342041016
0 0.011
0 0.011
0 0.011
0 0.011
0 0.011
0 0.011
0 0.011
0 0.011
0 0.011
0 0.011
0 0.011
0 0.011
0 0.011
0 0.011
0 0.011
0 0.011
0 0.011
0 0.011
0 0.011
0 0.011
0 0.011
0 0.011
0 0.011
0 0.011
0 0.011
-0.5811568870544433 0.6031568870544434
-0.9850784316062927 1
-0.5458627715110779 0.5678627715110779
0 0.011
0 0.011
0 0.011
0 0.011
0 0.011
0 0.011
0 0.011
0 0.011
0 0.011
0 0.011
0 0.011
0 0.011
0 0.011
0 0.011
0 0.011
0 0.011
0 0.011
0 0.011
0 0.011
0 0.011
0 0.011
0 0.011
0 0.011
0 0.011
0 0.011
-0.8831176533699036 0.9051176533699036
-0.9850784316062927 1
-0.24782354378700255 0.2698235437870026
0 0.011
0 0.011
0 0.011
0 0.011
0 0.011
0 0.011
0 0.011
0 0.011
0 0.011
0 0.011
0 0.011
0 0.011
0 0.011
0 0.011
0 0.011
0 0.011
0 0.011
0 0.011
0 0.011
0 0.011
0 0.011
0 0.011
0 0.011
0 0.011
-0.22821568691730498 0.250215686917305
-0.9733137264251709 0.9953137264251709
-0.9850784316062927 1
-0.24782354378700255 0.2698235437870026
0 0.011
0 0.011
0 0.011
0 0.011
0 0.011
0 0.011
0 0.011
0 0.011
0 0.011
0 0.011
0 0.011
0 0.011
0 0.011
0 0.011
0 0.011
0 0.011
0 0.011
0 0.011
0 0.011
0 0.011
0 0.011
0 0.011
0 0.011
0 0.011
-0.5419412031173706 0.5639412031173706
-0.9850784316062927 1
-0.7929215803146362 0.8149215803146362
-0.0007647061124444006 0.022764706112444404
0 0.011
0 0.011
0 0.011
0 0.011
0 0.011
0 0.011
0 0.011
0 0.011
0 0.011
0 0.011
0 0.011
0 0.011
0 0.011
0 0.011
0 0.011
0 0.011
0 0.011
0 0.011
0 0.011
0 0.011
0 0.011
0 0.011
0 0.011
-0.02821568766236305 0.050215687662363055
-0.832137264251709 0.854137264251709
-0.9850784316062927 1
-0.4635098054409027 0.4855098054409027
0 0.011
0 0.011
0 0.011
0 0.011
0 0.011
0 0.011
0 0.011
0 0.011
0 0.011
0 0.011
0 0.011
0 0.011
0 0.011
0 0.011
0 0.011
0 0.011
0 0.011
0 0.011
0 0.011
0 0.011
0 0.011
0 0.011
0 0.011
0 0.011
-0.008607843831181527 0.03060784383118153
-0.7654706015586853 0.7874706015586853
-0.6791960968971252 0.7011960968971253
-0.02821568766236305 0.050215687662363055
0 0.011
0 0.011
0 0.011
0 0.011
0 0.011
0 0.011
0 0.011
0 0.011
0 0.011
0 0.011
0 0.011
0 0.011
0 0.011
0 0.011
0 0.011
0 0.011
0 0.011
0 0.011
0 0.011
0 0.011
0 0.011
0 0.011
0 0.011
0 0.011
0 0.011
0 0.011
0 0.011
0 0.011
0 0.011
0 0.011
0 0.011
0 0.011
0 0.011
0 0.011
0 0.011
0 0.011
0 0.011
0 0.011
0 0.011
0 0.011
0 0.011
0 0.011
0 0.011
0 0.011
0 0.011
0 0.011
0 0.011
0 0.011
0 0.011
0 0.011
0 0.011
0 0.011
0 0.011
0 0.011
0 0.011
0 0.011
0 0.011
0 0.011
0 0.011
0 0.011
0 0.011
0 0.011
0 0.011
0 0.011
0 0.011
0 0.011
0 0.011
0 0.011
0 0.011
0 0.011
0 0.011
0 0.011
0 0.011
0 0.011
0 0.011
0 0.011
0 0.011
0 0.011
0 0.011
0 0.011
0 0.011
0 0.011
0 0.011
0 0.011
0 0.011
0 0.011
0 0.011
0 0.011
0 0.011
0 0.011
0 0.011
0 0.011
0 0.011
0 0.011
0 0.011
0 0.011
0 0.011
0 0.011
0 0.011
0 0.011
0 0.011
0 0.011
0 0.011
0 0.011
0 0.011
0 0.011
0 0.011
0 0.011
0 0.011
0 0.011
0 0.011
0 0.011
0 0.011
0 0.011
0 0.011
0 0.011
0 0.011
0 0.011
0 0.011
0 0.011
0 0.011
0 0.011
0 0.011
0 0.011
0 0.011
0 0.011

-12.0924 25.3798
18.3454 -3.0505
-19.132 33.4413
-18.4686 32.9898
20.9978 -6.1697
-12.2186 27.0515
18.5435 -2.6471
-21.7892 38.8257
-13.934 28.0467
-14.7265 29.764

7.7273 -7.1575
-0.7556 1.1591
10.6791 -10.6384
6.1587 -5.9476
6.3557 -6.1553
7.8902 -7.8142
5.6987 -4.864
3.5613 -3.3603
7.5381 -7.4192
-3.5147 3.631

-3.4172 3.5728
-3.5778 3.8481
-2.3016 2.5433
0.44 -0.3037
4.3246 -4.1455
0.9348 -0.7445
-1.6204 1.684
5.682 -5.4133
2.1465 -2.1231
2.5063 -2.2211

9.122 -8.8153
-10.6272 10.7529
10.3939 -9.3568
8.0768 -7.8459
27.2303 -26.9522
20.3402 -19.6607
19.2337 -18.8205
8.3744 -8.2982
5.9471 -5.593
12.1764 -11.6412

