0 1
0 1
0 1
0 1
0 1
0 1
0 1
0 1
0 1
0 1
0 1
0 1
0 1
0 1
0 1
0 1
0 1
0 1
0 1
0 1
0 1
0 1
0 1
0 1
0 1
0 1
0 1
0 1
0 1
0 1
0 1
0 1
0 1
0 1
0 1
0 1
0 1
0 1
0 1
0 1
0 1
0 1
0 1
0 1
0 1
0 1
0 1
0 1
0 1
0 1
0 1
0 1
0 1
0 1
0 1
0 1
0 1
0 1
0 1
0 1
0 1
0 1
0 1
0 1
0 1
0 1
0 1
0 1
0 1
0 1
0 1
0 1
0 1
0 1
0 1
0 1
0 1
0 1
0 1
0 1
0 1
0 1
0 1
0 1
0 1
0 1
0 1
0 1
0 1
0 1
0 1
0 1
0 1
0 1
0 1
0 1
0 1
0 1
0 1
0 1
0 1
0 1
0 1
0 1
0 1
0 1
0 1
0 1
0 1
0 1
0 1
0 1
0 1
0 1
0 1
0 1
0 1
0 1
0 1
0 1
0 1
0 1
0 1
0 1
0 1
0 1
0 1
0 1
0 1
0 1
0 1
0 1
0 1
0 1
0 1
0 1
0 1
0 1
0 1
0 1
0 1
0 1
0 1
0 1
0 1
0 1
0 1
0 1
0 1
0 1
0 1
0 1
0 1
0 1
0 1
0 1
0 1
0 1
0 1
0 1
0 1
0 1
0 1
0 1
0 1
0 1
0 1
0 1
0 1
0 1
0 1
0 1
0 1
0 1
0 1
0 1
0 1
0 1
0 1
0 1
0 1
0 1
0 1
0 1
0 1
0 1
0 1
0 1
0 1
0 1
0 1
0 1
0 1
0 1
0 1
0 1
0 1
0 1
0 1
0 1
0 1
0 1
0 1
0 1
0 1
0 1
0 1
0 1
0 1
0 1
0 1
0 1
0 1
0 1
0 1
0 1
0 1
0 1
0 1
0 1
0 1
0 1
0 1
0 1
0 1
0 1
0 1
0 1
0 1
0 1
0 1
0 1
0 1
0 1
0 1
0 1
0 1
0 1
0 1
0 1
0 1
0 1
0 1
0 1
0 1
0 1
0 1
0 1
0 1
0 1
0 1
0 1
0 1
0 1
0 1
0 1
0 1
0 1
0 1
0 1
0 1
0 1
0 1
0 1
0 1
0 1
0 1
0 1
0 1
0 1
0 1
0 1
0 1
0 1
0 1
0 1
0 1
0 1
0 1
0 1
0 1
0 1
0 1
0 1
0 1
0 1
0 1
0 1
0 1
0 1
0 1
0 1
0 1
0 1
0 1
0 1
0 1
0 1
0 1
0 1
0 1
0 1
0 1
0 1
0 1
0 1
0 1
0 1
0 1
0 1
0 1
0 1
0 1
0 1
0 1
0 1
0 1
0 1
0 1
0 1
0 1
0 1
0 1
0 1
0 1
0 1
0 1
0 1
0 1
0 1
0 1
0 1
0 1
0 1
0 1
0 1
0 1
0 1
0 1
0 1
0 1
0 1
0 1
0 1
0 1
0 1
0 1
0 1
0 1
0 1
0 1
0 1
0 1
0 1
0 1
0 1
0 1
0 1
0 1
0 1
0 1
0 1
0 1
0 1
0 1
0 1
0 1
0 1
0 1
0 1
0 1
0 1
0 1
0 1
0 1
0 1
0 1
0 1
0 1
0 1
0 1
0 1
0 1
0 1
0 1
0 1
0 1
0 1
0 1
0 1
0 1
0 1
0 1
0 1
0 1
0 1
0 1
0 1
0 1
0 1
0 1
0 1
0 1
0 1
0 1
0 1
0 1
0 1
0 1
0 1
0 1
0 1
0 1
0 1
0 1
0 1
0 1
0 1
0 1
0 1
0 1
0 1
0 1
0 1
0 1
0 1
0 1
0 1
0 1
0 1
0 1
0 1
0 1
0 1
0 1
0 1
0 1
0 1
0 1
0 1
0 1
0 1
0 1
0 1
0 1
0 1
0 1
0 1
0 1
0 1
0 1
0 1
0 1
0 1
0 1
0 1
0 1
0 1
0 1
0 1
0 1
0 1
0 1
0 1
0 1
0 1
0 1
0 1
0 1
0 1
0 1
0 1
0 1
0 1
0 1
0 1
0 1
0 1
0 1
0 1
0 1
0 1
0 1
0 1
0 1
0 1
0 1
0 1
0 1
0 1
0 1
0 1
0 1
0 1
0 1
0 1
0 1
0 1
0 1
0 1
0 1
0 1
0 1
0 1
0 1
0 1
0 1
0 1
0 1
0 1
0 1
0 1
0 1
0 1
0 1
0 1
0 1
0 1
0 1
0 1
0 1
0 1
0 1
0 1
0 1
0 1
0 1
0 1
0 1
0 1
0 1
0 1
0 1
0 1
0 1
0 1
0 1
0 1
0 1
0 1
0 1
0 1
0 1
0 1
0 1
0 1
0 1
0 1
0 1
0 1
0 1
0 1
0 1
0 1
0 1
0 1
0 1
0 1
0 1
0 1
0 1
0 1
0 1
0 1
0 1
0 1
0 1
0 1
0 1
0 1
0 1
0 1
0 1
0 1
0 1
0 1
0 1
0 1
0 1
0 1
0 1
0 1
0 1
0 1
0 1
0 1
0 1
0 1
0 1
0 1
0 1
0 1
0 1
0 1
0 1
0 1
0 1
0 1
0 1
0 1
0 1
0 1
0 1
0 1
0 1
0 1
0 1
0 1
0 1
0 1
0 1
0 1
0 1
0 1
0 1
0 1
0 1
0 1
0 1
0 1
0 1
0 1
0 1
0 1
0 1
0 1
0 1
0 1
0 1
0 1
0 1
0 1
0 1
0 1
0 1
0 1
0 1
0 1
0 1
0 1
0 1
0 1
0 1
0 1
0 1
0 1
0 1
0 1
0 1
0 1
0 1
0 1
0 1
0 1
0 1
0 1
0 1
0 1
0 1
0 1
0 1
0 1
0 1
0 1
0 1
0 1
0 1
0 1
0 1
0 1
0 1
0 1
0 1
0 1
0 1
0 1
0 1
0 1
0 1
0 1
0 1
0 1
0 1
0 1
0 1
0 1
0 1
0 1
0 1
0 1
0 1
0 1
0 1
0 1
0 1
0 1
0 1
0 1
0 1
0 1
0 1
0 1
0 1
0 1
0 1
0 1
0 1
0 1
0 1
0 1
0 1
0 1
0 1
0 1
0 1
0 1
0 1
0 1
0 1
0 1
0 1
0 1
0 1
0 1
0 1
0 1
0 1
0 1
0 1
0 1
0 1
0 1
0 1
0 1
0 1
0 1
0 1
0 1
0 1
0 1
0 1
0 1
0 1
0 1
0 1
0 1
0 1
0 1
0 1
0 1
0 1
0 1
0 1
0 1
0 1
0 1
0 1
0 1
0 1
0 1
0 1
0 1
0 1
0 1
0 1
0 1
0 1
0 1
0 1
0 1
0 1
0 1
0 1
0 1
0 1
0 1
0 1
0 1
0 1
0 1
0 1
0 1
0 1
0 1

99.8572 58.1677
69.4422 102.5633
135.8535 50.6894
50.0021 133.7251
87.6585 86.9582
120.0397 56.8086
81.7368 108.3729
87.2337 78.4485
80.5341 104.5254
119.1188 54.1116
66.6837 113.8238
69.7035 129.7758
70.2375 89.5891
82.9745 70.1191
62.5765 100.3241
89.752 72.8832
80.4743 96.7342
87.6447 86.0417
110.9041 64.7643
66.8007 104.9375
63.0116 109.7707
68.2571 110.8369
82.865 77.8303
116.6112 58.5082
60.5686 123.6636
83.8139 75.622
72.4385 110.7261
67.4303 91.2049
95.5225 85.1565
153.8362 47.6622
60.1725 96.0515
130.5458 48.52
86.183 98.7147
88.8695 85.808
95.7831 59.403
113.2898 67.7949
80.7616 108.2243
64.9779 130.0998
135.679 43.6887
69.1874 82.3253
84.3712 116.3969
90.2417 91.1787
86.0814 80.4867
55.9428 105.5333
62.942 139.2331
106.1991 51.2804
117.0111 53.8551
101.7274 106.4782
70.0697 122.4545
109.8063 60.2819

13.0878 15.2179
12.2503 10.4809
12.3079 13.259
9.9224 11.7067
9.3882 15.7346
11.2676 11.8796
11.7461 12.7834
12.4807 12.2034
12.9174 11.3752
8.9399 11.9216
8.9869 14.1879
12.9696 9.983
11.2304 12.0071
12.8677 14.8719
10.0128 10.9132
14.4061 12.2027
13.5377 14.1208
11.8612 11.7543
9.7786 13.264
10.5434 15.7578
15.3157 7.9313
12.3764 12.8246
12.4957 10.4231
12.7709 12.7732
10.0326 16.993
13.0744 12.2025
11.6708 12.9058
17.7017 10.5704
14.7941 9.4382
8.8376 11.9361
12.4208 13.382
10.4154 15.1096
10.3213 15.4369
10.1548 14.0847
11.5272 13.7145
10.8262 11.001
14.0412 9.3678
11.7275 13.6149
11.7233 12.0683
12.0853 13.7205
12.404 9.7409
12.3539 12.0504
12.4686 15.5865
11.4308 12.9931
9.9937 12.6255
17.1473 11.2924
10.79 10.9489
10.4843 12.1054
13.0245 12.5192
10.1423 9.0069

16.959 14.8056
14.7714 16.9734
14.9754 16.9892
17.7886 13.2996
14.9688 13.4754
16.3856 15.335
19.331 15.686
14.4038 16.4551
15.9792 19.3284
15.8804 17.8014
15.4947 17.5417
12.9478 13.4949
12.8823 19.6039
13.6354 16.8332
18.1666 14.0342
18.4076 14.5223
17.454 15.4388
18.6133 15.457
15.3797 12.9871
18.8144 16.8077
11.9851 18.5441
20.8505 12.2138
15.2684 17.0779
17.5702 15.4019
14.4887 17.3173
15.5559 15.6434
20.3678 12.507
16.502 15.9748
16.1736 17.8143
15.4497 15.5726
14.4124 17.1538
13.0605 15.6494
17.8088 16.0189
16.1063 14.1435
16.661 12.937
14.8782 14.4021
18.3067 15.6706
12.4176 16.3404
18.5153 15.3174
12.6782 16.0309
17.1102 13.5843
11.5236 17.0946
16.1124 13.3442
15.3894 13.8307
14.2427 14.9053
17.4949 15.2852
17.2176 15.8
20.5555 14.3263
10.0314 16.3269
15.006 15.0542

47.4588 17.7065
46.6539 17.9429
46.4722 17.3648
59.2772 13.3234
51.4089 15.9243
53.3615 15.6203
58.1621 15.1545
45.2986 18.5202
54.5833 16.6071
52.3565 15.138

