0 0.05
0 0.05
0 0.05
0 0.05
0 0.05
0 0.05
0 0.05
0 0.05
0 0.05
0 0.05
0 0.05
0 0.05
0 0.05
0 0.05
0 0.05
0 0.05
0 0.05
0 0.05
0 0.05
0 0.05
0 0.05
0 0.05
0 0.05
0 0.05
0 0.05
0 0.05
0 0.05
0 0.05
0 0.05
0 0.05
0 0.05
0 0.05
0 0.05
0 0.05
0 0.05
0 0.05
0 0.05
0 0.05
0 0.05
0 0.05
0 0.05
0 0.05
0 0.05
0 0.05
0 0.05
0 0.05
0 0.05
0 0.05
0 0.05
0 0.05
0 0.05
0 0.05
0 0.05
0 0.05
0 0.05
0 0.05
0 0.05
0 0.05
0 0.05
0 0.05
0 0.05
0 0.05
0 0.05
0 0.05
0 0.05
0 0.05
0 0.05
0 0.05
0 0.05
0 0.05
0 0.05
0 0.05
0 0.05
0 0.05
0 0.05
0 0.05
0 0.05
0 0.05
0 0.05
0 0.05
0 0.05
0 0.05
0 0.05
0 0.05
0 0.05
0 0.05
0 0.05
0 0.05
0 0.05
0 0.05
0 0.05
0 0.05
0 0.05
0 0.05
0 0.05
0 0.05
0 0.05
0 0.05
0 0.05
0 0.05
0 0.05
0 0.05
0 0.05
0 0.05
0 0.05
0 0.05
0 0.05
0 0.05
0 0.05
0 0.05
0 0.05
0 0.05
0 0.05
0 0.05
0 0.05
0 0.05
0 0.05
0 0.05
0 0.05
0 0.05
0 0.05
0 0.05
0 0.05
0 0.05
0 0.05
0 0.05
0 0.05
0 0.05
-0.09901961386203766 0.19901961386203765
-0.9460784316062927 1
-0.3774509847164154 0.4774509847164154
0 0.05
0 0.05
0 0.05
0 0.05
0 0.05
0 0.05
0 0.05
0 0.05
0 0.05
0 0.05
0 0.05
0 0.05
0 0.05
0 0.05
0 0.05
0 0.05
0 0.05
0 0.05
0 0.05
0 0.05
0 0.05
0 0.05
0 0.05
0 0.05
0 0.05
-0.29117648005485536 0.39117648005485534
-0.9382352948188781 1
-0.271568638086319 0.37156863808631896
0 0.05
0 0.05
0 0.05
0 0.05
0 0.05
0 0.05
0 0.05
0 0.05
0 0.05
0 0.05
0 0.05
0 0.05
0 0.05
0 0.05
0 0.05
0 0.05
0 0.05
0 0.05
0 0.05
0 0.05
0 0.05
0 0.05
0 0.05
0 0.05
0 0.05
-0.47941179275512696 0.579411792755127
-0.8950980424880981 0.9950980424880982
0 0.05
0 0.05
0 0.05
0 0.05
0 0.05
0 0.05
0 0.05
0 0.05
0 0.05
0 0.05
0 0.05
0 0.05
0 0.05
0 0.05
0 0.05
0 0.05
0 0.05
0 0.05
0 0.05
0 0.05
0 0.05
0 0.05
0 0.05
0 0.05
0 0.05
-0.1264705926179886 0.22647059261798858
-0.9068627476692199 1
-0.538235318660736 0.6382353186607361
0 0.05
0 0.05
0 0.05
0 0.05
0 0.05
0 0.05
0 0.05
0 0.05
0 0.05
0 0.05
0 0.05
0 0.05
0 0.05
0 0.05
0 0.05
0 0.05
0 0.05
0 0.05
0 0.05
0 0.05
0 0.05
0 0.05
0 0.05
0 0.05
0 0.05
-0.27941177487373353 0.3794117748737335
-0.9460784316062927 1
-0.19705882370471955 0.29705882370471953
0 0.05
0 0.05
0 0.05
0 0.05
0 0.05
0 0.05
0 0.05
0 0.05
0 0.05
0 0.05
0 0.05
0 0.05
0 0.05
0 0.05
0 0.05
0 0.05
0 0.05
0 0.05
0 0.05
0 0.05
0 0.05
0 0.05
0 0.05
0 0.05
0 0.05
-0.7421568751335144 0.8421568751335144
-0.8245098114013671 0.9245098114013672
0 0.09313725605607033
0 0.05
0 0.05
0 0.05
0 0.05
0 0.05
0 0.05
0 0.05
0 0.05
0 0.05
0 0.05
0 0.05
0 0.05
0 0.05
0 0.05
0 0.05
0 0.05
0 0.05
0 0.05
0 0.05
0 0.05
0 0.05
0 0.05
0 0.05
0 0.05
-0.075490203499794 0.175490203499794
-0.9460784316062927 1
-0.7970588326454162 0.8970588326454163
0 0.05
0 0.05
0 0.05
0 0.05
0 0.05
0 0.05
0 0.05
0 0.05
0 0.05
0 0.05
0 0.05
0 0.05
0 0.05
0 0.05
0 0.05
0 0.05
0 0.05
0 0.05
0 0.05
0 0.05
0 0.05
0 0.05
0 0.05
0 0.05
0 0.05
-0.32254902720451356 0.42254902720451354
-0.9460784316062927 1
-0.7147058963775634 0.8147058963775635
0 0.05
0 0.05
0 0.05
0 0.05
0 0.05
0 0.05
0 0.05
0 0.05
0 0.05
0 0.05
0 0.05
0 0.05
0 0.05
0 0.05
0 0.05
0 0.05
0 0.05
0 0.05
0 0.05
0 0.05
0 0.05
0 0.05
0 0.05
0 0.05
0 0.05
-0.49901963472366334 0.5990196347236634
-0.9460784316062927 1
-0.2519607961177826 0.3519607961177826
0 0.05
0 0.05
0 0.05
0 0.05
0 0.05
0 0.05
0 0.05
0 0.05
0 0.05
0 0.05
0 0.05
0 0.05
0 0.05
0 0.05
0 0.05
0 0.05
0 0.05
0 0.05
0 0.05
0 0.05
0 0.05
0 0.05
0 0.05
0 0.05
-0.1735294133424759 0.2735294133424759
-0.879411768913269 0.9794117689132691
-0.7539215803146362 0.8539215803146363
0 0.0813725508749485
0 0.05
0 0.05
0 0.05
0 0.05
0 0.05
0 0.05
0 0.05
0 0.05
0 0.05
0 0.05
0 0.05
0 0.05
0 0.05
0 0.05
0 0.05
0 0.05
0 0.05
0 0.05
0 0.05
0 0.05
0 0.05
0 0.05
0 0.05
0 0.05
-0.43627451062202455 0.5362745106220246
-0.95 1
-0.5970588445663452 0.6970588445663453
0 0.05
0 0.05
0 0.05
0 0.05
0 0.05
0 0.05
0 0.05
0 0.05
0 0.05
0 0.05
0 0.05
0 0.05
0 0.05
0 0.05
0 0.05
0 0.05
0 0.05
0 0.05
0 0.05
0 0.05
0 0.05
0 0.05
0 0.05
0 0.05
0 0.05
-0.6205882549285888 0.7205882549285889
-0.9460784316062927 1
-0.2676470696926117 0.3676470696926117
0 0.05
0 0.05
0 0.05
0 0.05
0 0.05
0 0.05
0 0.05
0 0.05
0 0.05
0 0.05
0 0.05
0 0.05
0 0.05
0 0.05
0 0.05
0 0.05
0 0.05
0 0.05
0 0.05
0 0.05
0 0.05
0 0.05
0 0.05
0 0.05
-0.044117648899555204 0.1441176488995552
-0.8598039269447326 0.9598039269447327
-0.7931372642517089 0.893137264251709
0 0.05
0 0.05
0 0.05
0 0.05
0 0.05
0 0.05
0 0.05
0 0.05
0 0.05
0 0.05
0 0.05
0 0.05
0 0.05
0 0.05
0 0.05
0 0.05
0 0.05
0 0.05
0 0.05
0 0.05
0 0.05
0 0.05
0 0.05
0 0.05
0 0.05
-0.42058823704719545 0.5205882370471955
-0.9460784316062927 1
-0.5735294342041015 0.6735294342041016
0 0.05
0 0.05
0 0.05
0 0.05
0 0.05
0 0.05
0 0.05
0 0.05
0 0.05
0 0.05
0 0.05
0 0.05
0 0.05
0 0.05
0 0.05
0 0.05
0 0.05
0 0.05
0 0.05
0 0.05
0 0.05
0 0.05
0 0.05
0 0.05
0 0.05
-0.5421568870544433 0.6421568870544434
-0.9460784316062927 1
-0.5068627715110778 0.6068627715110779
0 0.05
0 0.05
0 0.05
0 0.05
0 0.05
0 0.05
0 0.05
0 0.05
0 0.05
0 0.05
0 0.05
0 0.05
0 0.05
0 0.05
0 0.05
0 0.05
0 0.05
0 0.05
0 0.05
0 0.05
0 0.05
0 0.05
0 0.05
0 0.05
0 0.05
-0.8441176533699035 0.9441176533699036
-0.9460784316062927 1
-0.20882354378700257 0.30882354378700255
0 0.05
0 0.05
0 0.05
0 0.05
0 0.05
0 0.05
0 0.05
0 0.05
0 0.05
0 0.05
0 0.05
0 0.05
0 0.05
0 0.05
0 0.05
0 0.05
0 0.05
0 0.05
0 0.05
0 0.05
0 0.05
0 0.05
0 0.05
0 0.05
-0.189215686917305 0.289215686917305
-0.9343137264251709 1
-0.9460784316062927 1
-0.20882354378700257 0.30882354378700255
0 0.05
0 0.05
0 0.05
0 0.05
0 0.05
0 0.05
0 0.05
0 0.05
0 0.05
0 0.05
0 0.05
0 0.05
0 0.05
0 0.05
0 0.05
0 0.05
0 0.05
0 0.05
0 0.05
0 0.05
0 0.05
0 0.05
0 0.05
0 0.05
-0.5029412031173706 0.6029412031173706
-0.9460784316062927 1
-0.7539215803146362 0.8539215803146363
0 0.061764706112444404
0 0.05
0 0.05
0 0.05
0 0.05
0 0.05
0 0.05
0 0.05
0 0.05
0 0.05
0 0.05
0 0.05
0 0.05
0 0.05
0 0.05
0 0.05
0 0.05
0 0.05
0 0.05
0 0.05
0 0.05
0 0.05
0 0.05
0 0.05
0 0.08921568766236306
-0.7931372642517089 0.893137264251709
-0.9460784316062927 1
-0.4245098054409027 0.5245098054409028
0 0.05
0 0.05
0 0.05
0 0.05
0 0.05
0 0.05
0 0.05
0 0.05
0 0.05
0 0.05
0 0.05
0 0.05
0 0.05
0 0.05
0 0.05
0 0.05
0 0.05
0 0.05
0 0.05
0 0.05
0 0.05
0 0.05
0 0.05
0 0.05
0 0.06960784383118153
-0.7264706015586853 0.8264706015586853
-0.6401960968971252 0.7401960968971253
0 0.08921568766236306
0 0.05
0 0.05
0 0.05
0 0.05
0 0.05
0 0.05
0 0.05
0 0.05
0 0.05
0 0.05
0 0.05
0 0.05
0 0.05
0 0.05
0 0.05
0 0.05
0 0.05
0 0.05
0 0.05
0 0.05
0 0.05
0 0.05
0 0.05
0 0.05
0 0.05
0 0.05
0 0.05
0 0.05
0 0.05
0 0.05
0 0.05
0 0.05
0 0.05
0 0.05
0 0.05
0 0.05
0 0.05
0 0.05
0 0.05
0 0.05
0 0.05
0 0.05
0 0.05
0 0.05
0 0.05
0 0.05
0 0.05
0 0.05
0 0.05
0 0.05
0 0.05
0 0.05
0 0.05
0 0.05
0 0.05
0 0.05
0 0.05
0 0.05
0 0.05
0 0.05
0 0.05
0 0.05
0 0.05
0 0.05
0 0.05
0 0.05
0 0.05
0 0.05
0 0.05
0 0.05
0 0.05
0 0.05
0 0.05
0 0.05
0 0.05
0 0.05
0 0.05
0 0.05
0 0.05
0 0.05
0 0.05
0 0.05
0 0.05
0 0.05
0 0.05
0 0.05
0 0.05
0 0.05
0 0.05
0 0.05
0 0.05
0 0.05
0 0.05
0 0.05
0 0.05
0 0.05
0 0.05
0 0.05
0 0.05
0 0.05
0 0.05
0 0.05
0 0.05
0 0.05
0 0.05
0 0.05
0 0.05
0 0.05
0 0.05
0 0.05
0 0.05
0 0.05
0 0.05
0 0.05
0 0.05
0 0.05
0 0.05
0 0.05
0 0.05
0 0.05
0 0.05
0 0.05
0 0.05
0 0.05
0 0.05
0 0.05

7.8238026075024605 52.162405990207965
48.35097973698978 20.823147615316604
6.641504929392594 57.77988261738296
6.530643825258401 58.67634572243316
48.4329712236938 18.519677023837673
14.510123933253483 52.22654443585739
51.001432045530386 20.76496216046245
6.013296879957463 70.83482557673719
18.997996417667302 44.78047515891582
21.66124883573177 45.897986006003784

20.72191283434842 8.278965894850232
19.351589472338414 5.168296774646934
15.201078292578158 6.083363530046548
9.929981012520653 14.943259317690758
10.293149867489799 19.906802373045036
18.543591268378126 5.3736488553301776
14.646742131384618 7.703614023701879
13.64669805639744 10.573163362818843
11.823537399935008 13.565452958180384
8.739233154383058 12.37649665344742

16.950663491966157 9.257941771299564
12.343272885861442 12.504053664779804
20.325774547508804 9.948429552282963
9.355194623722507 20.9505649237147
21.34452798118936 13.093401221622019
22.61672592860797 11.623166699293105
16.48964737004962 18.34856504054997
13.3167175496696 13.167990563960071
18.25969265506438 13.318966524187047
8.903810058965417 18.91187871750173

51.15103168156203 17.38245864013178
42.848780522819325 17.27204804619393
35.35640510401907 21.51786484621229
36.505081035145885 17.93470127311489
35.39243998260982 12.675032756463715
50.908167747895625 18.395544980279322
45.50226649084219 12.512449286403095
37.63638342629159 18.626182041865924
37.779653186027105 19.03904836813972
50.64177442034681 18.284742258016642

