0 0.01
0 0.01
0 0.01
0 0.01
0 0.01
0 0.01
0 0.01
0 0.01
0 0.01
0 0.01
0 0.01
0 0.01
0 0.01
0 0.01
0 0.01
0 0.01
0 0.01
0 0.01
0 0.01
0 0.01
0 0.01
0 0.01
0 0.01
0 0.01
0 0.01
0 0.01
0 0.01
0 0.01
0 0.01
0 0.01
0 0.01
0 0.01
0 0.01
0 0.01
0 0.01
0 0.01
0 0.01
0 0.01
0 0.01
0 0.01
0 0.01
0 0.01
0 0.01
0 0.01
0 0.01
0 0.01
0 0.01
0 0.01
0 0.01
0 0.01
0 0.01
0 0.01
0 0.01
0 0.01
0 0.01
0 0.01
0 0.01
0 0.01
0 0.01
0 0.01
0 0.01
0 0.01
0 0.01
0 0.01
0 0.01
0 0.01
0 0.01
0 0.01
0 0.01
0 0.01
0 0.01
0 0.01
0 0.01
0 0.01
0 0.01
0 0.01
0 0.01
0 0.01
0 0.01
0 0.01
0 0.01
0 0.01
0 0.01
0 0.01
0 0.01
0 0.01
0 0.01
0 0.01
0 0.01
0 0.01
0 0.01
0 0.01
0 0.01
0 0.01
0 0.01
0 0.01
0 0.01
0 0.01
0 0.01
0 0.01
0 0.01
0 0.01
0 0.01
0 0.01
0 0.01
0 0.01
0 0.01
0 0.01
0 0.01
0 0.01
0 0.01
0 0.01
0 0.01
0 0.01
0 0.01
0 0.01
0 0.01
0 0.01
0 0.01
0 0.01
0 0.01
0 0.01
0 0.01
0 0.01
0 0.01
0 0.01
0 0.01
0 0.01
-0.13901961386203765 0.15901961386203767
-0.9860784316062927 1
-0.4174509847164154 0.4374509847164154
0 0.01
0 0.01
0 0.01
0 0.01
0 0.01
0 0.01
0 0.01
0 0.01
0 0.01
0 0.01
0 0.01
0 0.01
0 0.01
0 0.01
0 0.01
0 0.01
0 0.01
0 0.01
0 0.01
0 0.01
0 0.01
0 0.01
0 0.01
0 0.01
0 0.01
-0.33117648005485534 0.35117648005485536
-0.9782352948188782 0.9982352948188782
-0.31156863808631896 0.331568638086319
0 0.01
0 0.01
0 0.01
0 0.01
0 0.01
0 0.01
0 0.01
0 0.01
0 0.01
0 0.01
0 0.01
0 0.01
0 0.01
0 0.01
0 0.01
0 0.01
0 0.01
0 0.01
0 0.01
0 0.01
0 0.01
0 0.01
0 0.01
0 0.01
0 0.01
-0.5194117927551269 0.539411792755127
-0.9350980424880981 0.9550980424880982
0 0.01
0 0.01
0 0.01
0 0.01
0 0.01
0 0.01
0 0.01
0 0.01
0 0.01
0 0.01
0 0.01
0 0.01
0 0.01
0 0.01
0 0.01
0 0.01
0 0.01
0 0.01
0 0.01
0 0.01
0 0.01
0 0.01
0 0.01
0 0.01
0 0.01
-0.16647059261798858 0.1864705926179886
-0.94686274766922 0.96686274766922
-0.5782353186607361 0.5982353186607361
0 0.01
0 0.01
0 0.01
0 0.01
0 0.01
0 0.01
0 0.01
0 0.01
0 0.01
0 0.01
0 0.01
0 0.01
0 0.01
0 0.01
0 0.01
0 0.01
0 0.01
0 0.01
0 0.01
0 0.01
0 0.01
0 0.01
0 0.01
0 0.01
0 0.01
-0.3194117748737335 0.33941177487373353
-0.9860784316062927 1
-0.23705882370471953 0.25705882370471955
0 0.01
0 0.01
0 0.01
0 0.01
0 0.01
0 0.01
0 0.01
0 0.01
0 0.01
0 0.01
0 0.01
0 0.01
0 0.01
0 0.01
0 0.01
0 0.01
0 0.01
0 0.01
0 0.01
0 0.01
0 0.01
0 0.01
0 0.01
0 0.01
0 0.01
-0.7821568751335144 0.8021568751335144
-0.8645098114013672 0.8845098114013672
-0.033137256056070326 0.05313725605607033
0 0.01
0 0.01
0 0.01
0 0.01
0 0.01
0 0.01
0 0.01
0 0.01
0 0.01
0 0.01
0 0.01
0 0.01
0 0.01
0 0.01
0 0.01
0 0.01
0 0.01
0 0.01
0 0.01
0 0.01
0 0.01
0 0.01
0 0.01
0 0.01
-0.11549020349979401 0.13549020349979402
-0.9860784316062927 1
-0.8370588326454163 0.8570588326454163
0 0.01
0 0.01
0 0.01
0 0.01
0 0.01
0 0.01
0 0.01
0 0.01
0 0.01
0 0.01
0 0.01
0 0.01
0 0.01
0 0.01
0 0.01
0 0.01
0 0.01
0 0.01
0 0.01
0 0.01
0 0.01
0 0.01
0 0.01
0 0.01
0 0.01
-0.36254902720451354 0.38254902720451356
-0.9860784316062927 1
-0.7547058963775635 0.7747058963775635
0 0.01
0 0.01
0 0.01
0 0.01
0 0.01
0 0.01
0 0.01
0 0.01
0 0.01
0 0.01
0 0.01
0 0.01
0 0.01
0 0.01
0 0.01
0 0.01
0 0.01
0 0.01
0 0.01
0 0.01
0 0.01
0 0.01
0 0.01
0 0.01
0 0.01
-0.5390196347236633 0.5590196347236633
-0.9860784316062927 1
-0.2919607961177826 0.3119607961177826
0 0.01
0 0.01
0 0.01
0 0.01
0 0.01
0 0.01
0 0.01
0 0.01
0 0.01
0 0.01
0 0.01
0 0.01
0 0.01
0 0.01
0 0.01
0 0.01
0 0.01
0 0.01
0 0.01
0 0.01
0 0.01
0 0.01
0 0.01
0 0.01
-0.21352941334247588 0.2335294133424759
-0.919411768913269 0.939411768913269
-0.7939215803146362 0.8139215803146362
-0.0213725508749485 0.041372550874948504
0 0.01
0 0.01
0 0.01
0 0.01
0 0.01
0 0.01
0 0.01
0 0.01
0 0.01
0 0.01
0 0.01
0 0.01
0 0.01
0 0.01
0 0.01
0 0.01
0 0.01
0 0.01
0 0.01
0 0.01
0 0.01
0 0.01
0 0.01
0 0.01
-0.4762745106220245 0.49627451062202455
-0.99 1
-0.6370588445663452 0.6570588445663452
0 0.01
0 0.01
0 0.01
0 0.01
0 0.01
0 0.01
0 0.01
0 0.01
0 0.01
0 0.01
0 0.01
0 0.01
0 0.01
0 0.01
0 0.01
0 0.01
0 0.01
0 0.01
0 0.01
0 0.01
0 0.01
0 0.01
0 0.01
0 0.01
0 0.01
-0.6605882549285889 0.6805882549285889
-0.9860784316062927 1
-0.3076470696926117 0.3276470696926117
0 0.01
0 0.01
0 0.01
0 0.01
0 0.01
0 0.01
0 0.01
0 0.01
0 0.01
0 0.01
0 0.01
0 0.01
0 0.01
0 0.01
0 0.01
0 0.01
0 0.01
0 0.01
0 0.01
0 0.01
0 0.01
0 0.01
0 0.01
0 0.01
-0.08411764889955521 0.1041176488995552
-0.8998039269447327 0.9198039269447327
-0.833137264251709 0.853137264251709
0 0.01
0 0.01
0 0.01
0 0.01
0 0.01
0 0.01
0 0.01
0 0.01
0 0.01
0 0.01
0 0.01
0 0.01
0 0.01
0 0.01
0 0.01
0 0.01
0 0.01
0 0.01
0 0.01
0 0.01
0 0.01
0 0.01
0 0.01
0 0.01
0 0.01
-0.4605882370471954 0.48058823704719544
-0.9860784316062927 1
-0.6135294342041016 0.6335294342041016
0 0.01
0 0.01
0 0.01
0 0.01
0 0.01
0 0.01
0 0.01
0 0.01
0 0.01
0 0.01
0 0.01
0 0.01
0 0.01
0 0.01
0 0.01
0 0.01
0 0.01
0 0.01
0 0.01
0 0.01
0 0.01
0 0.01
0 0.01
0 0.01
0 0.01
-0.5821568870544434 0.6021568870544434
-0.9860784316062927 1
-0.5468627715110779 0.5668627715110779
0 0.01
0 0.01
0 0.01
0 0.01
0 0.01
0 0.01
0 0.01
0 0.01
0 0.01
0 0.01
0 0.01
0 0.01
0 0.01
0 0.01
0 0.01
0 0.01
0 0.01
0 0.01
0 0.01
0 0.01
0 0.01
0 0.01
0 0.01
0 0.01
0 0.01
-0.8841176533699036 0.9041176533699036
-0.9860784316062927 1
-0.24882354378700255 0.2688235437870026
0 0.01
0 0.01
0 0.01
0 0.01
0 0.01
0 0.01
0 0.01
0 0.01
0 0.01
0 0.01
0 0.01
0 0.01
0 0.01
0 0.01
0 0.01
0 0.01
0 0.01
0 0.01
0 0.01
0 0.01
0 0.01
0 0.01
0 0.01
0 0.01
-0.22921568691730498 0.249215686917305
-0.9743137264251709 0.9943137264251709
-0.9860784316062927 1
-0.24882354378700255 0.2688235437870026
0 0.01
0 0.01
0 0.01
0 0.01
0 0.01
0 0.01
0 0.01
0 0.01
0 0.01
0 0.01
0 0.01
0 0.01
0 0.01
0 0.01
0 0.01
0 0.01
0 0.01
0 0.01
0 0.01
0 0.01
0 0.01
0 0.01
0 0.01
0 0.01
-0.5429412031173706 0.5629412031173706
-0.9860784316062927 1
-0.7939215803146362 0.8139215803146362
-0.0017647061124444006 0.021764706112444403
0 0.01
0 0.01
0 0.01
0 0.01
0 0.01
0 0.01
0 0.01
0 0.01
0 0.01
0 0.01
0 0.01
0 0.01
0 0.01
0 0.01
0 0.01
0 0.01
0 0.01
0 0.01
0 0.01
0 0.01
0 0.01
0 0.01
0 0.01
-0.02921568766236305 0.049215687662363054
-0.833137264251709 0.853137264251709
-0.9860784316062927 1
-0.4645098054409027 0.4845098054409027
0 0.01
0 0.01
0 0.01
0 0.01
0 0.01
0 0.01
0 0.01
0 0.01
0 0.01
0 0.01
0 0.01
0 0.01
0 0.01
0 0.01
0 0.01
0 0.01
0 0.01
0 0.01
0 0.01
0 0.01
0 0.01
0 0.01
0 0.01
0 0.01
-0.009607843831181526 0.029607843831181528
-0.7664706015586853 0.7864706015586853
-0.6801960968971252 0.7001960968971253
-0.02921568766236305 0.049215687662363054
0 0.01
0 0.01
0 0.01
0 0.01
0 0.01
0 0.01
0 0.01
0 0.01
0 0.01
0 0.01
0 0.01
0 0.01
0 0.01
0 0.01
0 0.01
0 0.01
0 0.01
0 0.01
0 0.01
0 0.01
0 0.01
0 0.01
0 0.01
0 0.01
0 0.01
0 0.01
0 0.01
0 0.01
0 0.01
0 0.01
0 0.01
0 0.01
0 0.01
0 0.01
0 0.01
0 0.01
0 0.01
0 0.01
0 0.01
0 0.01
0 0.01
0 0.01
0 0.01
0 0.01
0 0.01
0 0.01
0 0.01
0 0.01
0 0.01
0 0.01
0 0.01
0 0.01
0 0.01
0 0.01
0 0.01
0 0.01
0 0.01
0 0.01
0 0.01
0 0.01
0 0.01
0 0.01
0 0.01
0 0.01
0 0.01
0 0.01
0 0.01
0 0.01
0 0.01
0 0.01
0 0.01
0 0.01
0 0.01
0 0.01
0 0.01
0 0.01
0 0.01
0 0.01
0 0.01
0 0.01
0 0.01
0 0.01
0 0.01
0 0.01
0 0.01
0 0.01
0 0.01
0 0.01
0 0.01
0 0.01
0 0.01
0 0.01
0 0.01
0 0.01
0 0.01
0 0.01
0 0.01
0 0.01
0 0.01
0 0.01
0 0.01
0 0.01
0 0.01
0 0.01
0 0.01
0 0.01
0 0.01
0 0.01
0 0.01
0 0.01
0 0.01
0 0.01
0 0.01
0 0.01
0 0.01
0 0.01
0 0.01
0 0.01
0 0.01
0 0.01
0 0.01
0 0.01
0 0.01
0 0.01
0 0.01
0 0.01

-0.49187698866962754 1.2906026966248525
-2.6453217589528966 3.3691561981728224
3.5965764310489634 -2.8381871191660952
0.3211509487046957 0.40272128716495287
-0.044460372681542834 0.8401470295698111
-7.349978271120916 8.119013423688553
-3.4553840148609303 4.1420058324785245
0.039510058092703006 0.8015581082614641
-3.6774758088034614 4.429397027492468
0.17761038004195623 0.5636485399630092

-1.0143512986980514 3.755614317721218
-2.195272402031596 4.660544985928134
-6.1887389967550535 8.272038925651657
2.3065833142276486 0.3521869722140614
5.213005721970261 -3.2922586742033166
3.3967221674835137 -1.6798836843665803
-4.288759493739142 6.258572843075623
-1.3022202663331917 3.43246668973007
0.8503767092904851 1.4399152302702665
-1.0820355137237263 2.750510837373056

3.754885918781235 0.31911362172794333
-4.247112042273559 10.135395185445127
0.1986854548643837 4.424468954185832
1.783367680218582 4.523216957078011
2.230144987503633 4.649233033336969
2.3857702910168244 3.1964324476440784
4.891780657334797 2.465507332352029
1.7277977905124882 4.605328953565516
0.14538296347555013 6.220397523904823
3.760916690139829 1.3610521390774282

