0 1
0 1
0 1
0 1
0 1
0 1
0 1
0 1
0 1
0 1
0 1
0 1
0 1
0 1
0 1
0 1
0 1
0 1
0 1
0 1
0 1
0 1
0 1
0 1
0 1
0 1
0 1
0 1
0 1
0 1
0 1
0 1
0 1
0 1
0 1
0 1
0 1
0 1
0 1
0 1
0 1
0 1
0 1
0 1
0 1
0 1
0 1
0 1
0 1
0 1
0 1
0 1
0 1
0 1
0 1
0 1
0 1
0 1
0 1
0 1
0 1
0 1
0 1
0 1
0 1
0 1
0 1
0 1
0 1
0 1
0 1
0 1
0 1
0 1
0 1
0 1
0 1
0 1
0 1
0 1
0 1
0 1
0 1
0 1
0 1
0 1
0 1
0 1
0 1
0 1
0 1
0 1
0 1
0 1
0 1
0 1
0 1
0 1
0 1
0 1
0 1
0 1
0 1
0 1
0 1
0 1
0 1
0 1
0 1
0 1
0 1
0 1
0 1
0 1
0 1
0 1
0 1
0 1
0 1
0 1
0 1
0 1
0 1
0 1
0 1
0 1
0 1
0 1
0 1
0 1
0 1
0 1
0 1
0 1
0 1
0 1
0 1
0 1
0 1
0 1
0 1
0 1
0 1
0 1
0 1
0 1
0 1
0 1
0 1
0 1
0 1
0 1
0 1
0 1
0 1
0 1
0 1
0 1
0 1
0 1
0 1
0 1
0 1
0 1
0 1
0 1
0 1
0 1
0 1
0 1
0 1
0 1
0 1
0 1
0 1
0 1
0 1
0 1
0 1
0 1
0 1
0 1
0 1
0 1
0 1
0 1
0 1
0 1
0 1
0 1
0 1
0 1
0 1
0 1
0 1
0 1
0 1
0 1
0 1
0 1
0 1
0 1
0 1
0 1
0 1
0 1
0 1
0 1
0 1
0 1
0 1
0 1
0 1
0 1
0 1
0 1
0 1
0 1
0 1
0 1
0 1
0 1
0 1
0 1
0 1
0 1
0 1
0 1
0 1
0 1
0 1
0 1
0 1
0 1
0 1
0 1
0 1
0 1
0 1
0 1
0 1
0 1
0 1
0 1
0 1
0 1
0 1
0 1
0 1
0 1
0 1
0 1
0 1
0 1
0 1
0 1
0 1
0 1
0 1
0 1
0 1
0 1
0 1
0 1
0 1
0 1
0 1
0 1
0 1
0 1
0 1
0 1
0 1
0 1
0 1
0 1
0 1
0 1
0 1
0 1
0 1
0 1
0 1
0 1
0 1
0 1
0 1
0 1
0 1
0 1
0 1
0 1
0 1
0 1
0 1
0 1
0 1
0 1
0 1
0 1
0 1
0 1
0 1
0 1
0 1
0 1
0 1
0 1
0 1
0 1
0 1
0 1
0 1
0 1
0 1
0 1
0 1
0 1
0 1
0 1
0 1
0 1
0 1
0 1
0 1
0 1
0 1
0 1
0 1
0 1
0 1
0 1
0 1
0 1
0 1
0 1
0 1
0 1
0 1
0 1
0 1
0 1
0 1
0 1
0 1
0 1
0 1
0 1
0 1
0 1
0 1
0 1
0 1
0 1
0 1
0 1
0 1
0 1
0 1
0 1
0 1
0 1
0 1
0 1
0 1
0 1
0 1
0 1
0 1
0 1
0 1
0 1
0 1
0 1
0 1
0 1
0 1
0 1
0 1
0 1
0 1
0 1
0 1
0 1
0 1
0 1
0 1
0 1
0 1
0 1
0 1
0 1
0 1
0 1
0 1
0 1
0 1
0 1
0 1
0 1
0 1
0 1
0 1
0 1
0 1
0 1
0 1
0 1
0 1
0 1
0 1
0 1
0 1
0 1
0 1
0 1
0 1
0 1
0 1
0 1
0 1
0 1
0 1
0 1
0 1
0 1
0 1
0 1
0 1
0 1
0 1
0 1
0 1
0 1
0 1
0 1
0 1
0 1
0 1
0 1
0 1
0 1
0 1
0 1
0 1
0 1
0 1
0 1
0 1
0 1
0 1
0 1
0 1
0 1
0 1
0 1
0 1
0 1
0 1
0 1
0 1
0 1
0 1
0 1
0 1
0 1
0 1
0 1
0 1
0 1
0 1
0 1
0 1
0 1
0 1
0 1
0 1
0 1
0 1
0 1
0 1
0 1
0 1
0 1
0 1
0 1
0 1
0 1
0 1
0 1
0 1
0 1
0 1
0 1
0 1
0 1
0 1
0 1
0 1
0 1
0 1
0 1
0 1
0 1
0 1
0 1
0 1
0 1
0 1
0 1
0 1
0 1
0 1
0 1
0 1
0 1
0 1
0 1
0 1
0 1
0 1
0 1
0 1
0 1
0 1
0 1
0 1
0 1
0 1
0 1
0 1
0 1
0 1
0 1
0 1
0 1
0 1
0 1
0 1
0 1
0 1
0 1
0 1
0 1
0 1
0 1
0 1
0 1
0 1
0 1
0 1
0 1
0 1
0 1
0 1
0 1
0 1
0 1
0 1
0 1
0 1
0 1
0 1
0 1
0 1
0 1
0 1
0 1
0 1
0 1
0 1
0 1
0 1
0 1
0 1
0 1
0 1
0 1
0 1
0 1
0 1
0 1
0 1
0 1
0 1
0 1
0 1
0 1
0 1
0 1
0 1
0 1
0 1
0 1
0 1
0 1
0 1
0 1
0 1
0 1
0 1
0 1
0 1
0 1
0 1
0 1
0 1
0 1
0 1
0 1
0 1
0 1
0 1
0 1
0 1
0 1
0 1
0 1
0 1
0 1
0 1
0 1
0 1
0 1
0 1
0 1
0 1
0 1
0 1
0 1
0 1
0 1
0 1
0 1
0 1
0 1
0 1
0 1
0 1
0 1
0 1
0 1
0 1
0 1
0 1
0 1
0 1
0 1
0 1
0 1
0 1
0 1
0 1
0 1
0 1
0 1
0 1
0 1
0 1
0 1
0 1
0 1
0 1
0 1
0 1
0 1
0 1
0 1
0 1
0 1
0 1
0 1
0 1
0 1
0 1
0 1
0 1
0 1
0 1
0 1
0 1
0 1
0 1
0 1
0 1
0 1
0 1
0 1
0 1
0 1
0 1
0 1
0 1
0 1
0 1
0 1
0 1
0 1
0 1
0 1
0 1
0 1
0 1
0 1
0 1
0 1
0 1
0 1
0 1
0 1
0 1
0 1
0 1
0 1
0 1
0 1
0 1
0 1
0 1
0 1
0 1
0 1
0 1
0 1
0 1
0 1
0 1
0 1
0 1
0 1
0 1
0 1
0 1
0 1
0 1
0 1
0 1
0 1
0 1
0 1
0 1
0 1
0 1
0 1
0 1
0 1
0 1
0 1
0 1
0 1
0 1
0 1
0 1
0 1
0 1
0 1
0 1
0 1
0 1
0 1
0 1
0 1
0 1
0 1
0 1
0 1
0 1
0 1
0 1
0 1
0 1
0 1
0 1
0 1
0 1
0 1
0 1
0 1
0 1
0 1
0 1
0 1
0 1
0 1

76.8315 72.944
60.4005 85.1782
75.7438 52.0322
68.4564 81.4935
57.3969 72.4209
72.916 70.5655
90.7961 71.8437
73.8203 74.197
84.1567 83.3983
81.8199 79.6499
85.3083 70.4226
73.3454 77.6203
88.5753 68.8049
97.5733 63.1109
67.5659 69.4502
97.7387 63.6213
81.1868 66.4413
86.8995 69.2568
87.5391 73.2195
98.541 56.3482
72.3831 89.3256
72.5339 75.4267
75.1157 81.1022
86.1479 64.4198
77.984 77.833
109.7038 57.8594
95.5661 74.5174
97.4219 81.4198
89.2211 74.9998
76.2157 76.8884
71.4592 72.397
92.221 77.2908
67.2928 74.7688
65.8806 67.4896
83.5455 72.3278
75.8104 63.1322
74.6455 69.3507
101.0241 49.5271
98.6837 61.2892
72.9249 68.5785
64.6332 73.3691
112.1999 46.4234
84.517 63.1662
69.9969 65.2554
82.5009 68.6068
86.8598 59.2109
64.2458 88.4954
80.9703 57.1679
86.9227 74.6473
78.2408 70.8423

362.9202 339.5308
329.4687 328.5938
372.5623 368.9698
264.4677 330.4663
362.4218 416.8269
306.9793 298.4181
305.6501 444.4271
388.4895 281.9878
428.882 467.9827
373.1165 335.9231
400.5417 383.6392
258.1101 300.4525
502.6734 344.4062
355.2366 383.0745
308.3519 243.0471
294.1781 299.6756
353.567 328.8917
320.0116 348.5145
340.1531 430.2461
313.0202 338.8702
369.9641 400.3044
367.1833 428.9611
335.5067 397.7536
394.1686 196.6544
318.2715 418.4475
376.8176 319.3208
321.7508 426.8891
421.5038 366.4301
343.1202 347.3345
370.2689 357.5125
463.4954 388.9456
295.2255 339.9659
291.7627 250.7678
314.8893 365.2492
507.4384 426.0458
371.2531 349.918
374.8547 301.0763
385.7974 366.7901
339.4627 391.7232
245.1094 323.8964
357.048 395.3049
393.646 363.5666
303.5787 333.2021
431.9231 341.6572
334.038 381.1496
368.3645 429.6747
428.7611 323.979
354.0282 420.5122
321.8046 333.7271
441.372 318.9484

1585.059 2104.3937
2047.8821 1987.6519
1411.2318 2285.702
1498.1688 1466.6879
1487.6915 1884.2476
1605.4566 1870.7087
1655.3903 1232.2959
2009.102 1769.0101
1502.1065 1532.1368
1301.9012 1499.391
1767.4945 1228.2548
1705.9971 1676.1715
2569.2666 1668.8965
1470.4001 1839.6482
1710.9147 2569.5426
1396.9736 2003.2987
1668.4986 1214.7491
1258.6933 1673.2554
1279.1138 2154.4958
1738.8855 1126.6826
2208.2093 1393.0767
1404.8095 1474.0351
1699.3108 1568.2912
1458.4572 1867.7502
1448.6794 984.1502
1737.1098 1986.525
1930.5106 1667.4686
1659.0172 2292.6541
1884.3019 1958.9859
1336.1182 2552.3918
1397.5987 2090.8871
1414.4797 1483.973
1476.1162 1983.2104
1755.6633 1351.2695
1666.3015 1507.718
1879.6404 1698.9323
1603.2069 2194.8393
1342.7952 2086.5505
1843.9167 1579.5224
2176.2484 1924.3026
2098.5697 1615.0771
1863.2721 2030.4854
1694.396 1671.7084
1373.6848 1862.2966
1668.5955 1752.0442
1285.4295 1983.524
1339.9462 2297.8301
1778.0139 1572.7427
2005.4858 1882.6208
1329.2448 1639.7476

2092.5041 1e+20
1e+20 1e+20
1e+20 1e+20
2028.2284 1109.1099
1729.0589 1e+20
1677.1146 1e+20
2231.3599 968.9642
1958.1324 1e+20
1718.8099 1e+20
1135.676 1453.2686

