0 0.011
0 0.011
0 0.011
0 0.011
0 0.011
0 0.011
0 0.011
0 0.011
0 0.011
0 0.011
0 0.011
0 0.011
0 0.011
0 0.011
0 0.011
0 0.011
0 0.011
0 0.011
0 0.011
0 0.011
0 0.011
0 0.011
0 0.011
0 0.011
0 0.011
0 0.011
0 0.011
0 0.011
0 0.011
0 0.011
0 0.011
0 0.011
0 0.011
0 0.011
0 0.011
0 0.011
0 0.011
0 0.011
0 0.011
0 0.011
0 0.011
0 0.011
0 0.011
0 0.011
0 0.011
0 0.011
0 0.011
0 0.011
0 0.011
0 0.011
0 0.011
0 0.011
0 0.011
0 0.011
0 0.011
0 0.011
0 0.011
0 0.011
0 0.011
0 0.011
0 0.011
0 0.011
0 0.011
0 0.011
0 0.011
0 0.011
0 0.011
0 0.011
0 0.011
0 0.011
0 0.011
0 0.011
0 0.011
0 0.011
0 0.011
0 0.011
0 0.011
0 0.011
0 0.011
0 0.011
0 0.011
0 0.011
0 0.011
0 0.011
0 0.011
0 0.011
0 0.011
0 0.011
0 0.011
0 0.011
0 0.011
0 0.011
0 0.011
0 0.011
0 0.011
0 0.011
0 0.011
0 0.011
0 0.011
0 0.011
0 0.011
0 0.011
0 0.011
0 0.011
0 0.011
0 0.011
0 0.011
0 0.011
0 0.011
0 0.011
0 0.011
0 0.011
0 0.011
0 0.011
0 0.011
0 0.011
0 0.011
0 0.011
0 0.011
0 0.011
0 0.011
0 0.011
0 0.011
0 0.011
0 0.011
0 0.011
0 0.011
0 0.011
-0.13801961386203765 0.16001961386203767
-0.9850784316062927 1
-0.4164509847164154 0.4384509847164154
0 0.011
0 0.011
0 0.011
0 0.011
0 0.011
0 0.011
0 0.011
0 0.011
0 0.011
0 0.011
0 0.011
0 0.011
0 0.011
0 0.011
0 0.011
0 0.011
0 0.011
0 0.011
0 0.011
0 0.011
0 0.011
0 0.011
0 0.011
0 0.011
0 0.011
-0.33017648005485534 0.35217648005485536
-0.9772352948188782 0.9992352948188782
-0.31056863808631896 0.332568638086319
0 0.011
0 0.011
0 0.011
0 0.011
0 0.011
0 0.011
0 0.011
0 0.011
0 0.011
0 0.011
0 0.011
0 0.011
0 0.011
0 0.011
0 0.011
0 0.011
0 0.011
0 0.011
0 0.011
0 0.011
0 0.011
0 0.011
0 0.011
0 0.011
0 0.011
-0.5184117927551269 0.540411792755127
-0.9340980424880981 0.9560980424880982
0 0.011
0 0.011
0 0.011
0 0.011
0 0.011
0 0.011
0 0.011
0 0.011
0 0.011
0 0.011
0 0.011
0 0.011
0 0.011
0 0.011
0 0.011
0 0.011
0 0.011
0 0.011
0 0.011
0 0.011
0 0.011
0 0.011
0 0.011
0 0.011
0 0.011
-0.16547059261798858 0.1874705926179886
-0.94586274766922 0.96786274766922
-0.5772353186607361 0.5992353186607361
0 0.011
0 0.011
0 0.011
0 0.011
0 0.011
0 0.011
0 0.011
0 0.011
0 0.011
0 0.011
0 0.011
0 0.011
0 0.011
0 0.011
0 0.011
0 0.011
0 0.011
0 0.011
0 0.011
0 0.011
0 0.011
0 0.011
0 0.011
0 0.011
0 0.011
-0.3184117748737335 0.34041177487373353
-0.9850784316062927 1
-0.23605882370471953 0.25805882370471955
0 0.011
0 0.011
0 0.011
0 0.011
0 0.011
0 0.011
0 0.011
0 0.011
0 0.011
0 0.011
0 0.011
0 0.011
0 0.011
0 0.011
0 0.011
0 0.011
0 0.011
0 0.011
0 0.011
0 0.011
0 0.011
0 0.011
0 0.011
0 0.011
0 0.011
-0.7811568751335144 0.8031568751335144
-0.8635098114013672 0.8855098114013672
-0.032137256056070325 0.05413725605607033
0 0.011
0 0.011
0 0.011
0 0.011
0 0.011
0 0.011
0 0.011
0 0.011
0 0.011
0 0.011
0 0.011
0 0.011
0 0.011
0 0.011
0 0.011
0 0.011
0 0.011
0 0.011
0 0.011
0 0.011
0 0.011
0 0.011
0 0.011
0 0.011
-0.11449020349979401 0.13649020349979402
-0.9850784316062927 1
-0.8360588326454162 0.8580588326454163
0 0.011
0 0.011
0 0.011
0 0.011
0 0.011
0 0.011
0 0.011
0 0.011
0 0.011
0 0.011
0 0.011
0 0.011
0 0.011
0 0.011
0 0.011
0 0.011
0 0.011
0 0.011
0 0.011
0 0.011
0 0.011
0 0.011
0 0.011
0 0.011
0 0.011
-0.36154902720451354 0.38354902720451356
-0.9850784316062927 1
-0.7537058963775635 0.7757058963775635
0 0.011
0 0.011
0 0.011
0 0.011
0 0.011
0 0.011
0 0.011
0 0.011
0 0.011
0 0.011
0 0.011
0 0.011
0 0.011
0 0.011
0 0.011
0 0.011
0 0.011
0 0.011
0 0.011
0 0.011
0 0.011
0 0.011
0 0.011
0 0.011
0 0.011
-0.5380196347236633 0.5600196347236633
-0.9850784316062927 1
-0.2909607961177826 0.3129607961177826
0 0.011
0 0.011
0 0.011
0 0.011
0 0.011
0 0.011
0 0.011
0 0.011
0 0.011
0 0.011
0 0.011
0 0.011
0 0.011
0 0.011
0 0.011
0 0.011
0 0.011
0 0.011
0 0.011
0 0.011
0 0.011
0 0.011
0 0.011
0 0.011
-0.21252941334247588 0.2345294133424759
-0.918411768913269 0.940411768913269
-0.7929215803146362 0.8149215803146362
-0.0203725508749485 0.042372550874948504
0 0.011
0 0.011
0 0.011
0 0.011
0 0.011
0 0.011
0 0.011
0 0.011
0 0.011
0 0.011
0 0.011
0 0.011
0 0.011
0 0.011
0 0.011
0 0.011
0 0.011
0 0.011
0 0.011
0 0.011
0 0.011
0 0.011
0 0.011
0 0.011
-0.4752745106220245 0.49727451062202455
-0.989 1
-0.6360588445663452 0.6580588445663452
0 0.011
0 0.011
0 0.011
0 0.011
0 0.011
0 0.011
0 0.011
0 0.011
0 0.011
0 0.011
0 0.011
0 0.011
0 0.011
0 0.011
0 0.011
0 0.011
0 0.011
0 0.011
0 0.011
0 0.011
0 0.011
0 0.011
0 0.011
0 0.011
0 0.011
-0.6595882549285889 0.6815882549285889
-0.9850784316062927 1
-0.3066470696926117 0.3286470696926117
0 0.011
0 0.011
0 0.011
0 0.011
0 0.011
0 0.011
0 0.011
0 0.011
0 0.011
0 0.011
0 0.011
0 0.011
0 0.011
0 0.011
0 0.011
0 0.011
0 0.011
0 0.011
0 0.011
0 0.011
0 0.011
0 0.011
0 0.011
0 0.011
-0.08311764889955521 0.1051176488995552
-0.8988039269447327 0.9208039269447327
-0.832137264251709 0.854137264251709
0 0.011
0 0.011
0 0.011
0 0.011
0 0.011
0 0.011
0 0.011
0 0.011
0 0.011
0 0.011
0 0.011
0 0.011
0 0.011
0 0.011
0 0.011
0 0.011
0 0.011
0 0.011
0 0.011
0 0.011
0 0.011
0 0.011
0 0.011
0 0.011
0 0.011
-0.4595882370471954 0.48158823704719544
-0.9850784316062927 1
-0.6125294342041016 0.6345294342041016
0 0.011
0 0.011
0 0.011
0 0.011
0 0.011
0 0.011
0 0.011
0 0.011
0 0.011
0 0.011
0 0.011
0 0.011
0 0.011
0 0.011
0 0.011
0 0.011
0 0.011
0 0.011
0 0.011
0 0.011
0 0.011
0 0.011
0 0.011
0 0.011
0 0.011
-0.5811568870544433 0.6031568870544434
-0.9850784316062927 1
-0.5458627715110779 0.5678627715110779
0 0.011
0 0.011
0 0.011
0 0.011
0 0.011
0 0.011
0 0.011
0 0.011
0 0.011
0 0.011
0 0.011
0 0.011
0 0.011
0 0.011
0 0.011
0 0.011
0 0.011
0 0.011
0 0.011
0 0.011
0 0.011
0 0.011
0 0.011
0 0.011
0 0.011
-0.8831176533699036 0.9051176533699036
-0.9850784316062927 1
-0.24782354378700255 0.2698235437870026
0 0.011
0 0.011
0 0.011
0 0.011
0 0.011
0 0.011
0 0.011
0 0.011
0 0.011
0 0.011
0 0.011
0 0.011
0 0.011
0 0.011
0 0.011
0 0.011
0 0.011
0 0.011
0 0.011
0 0.011
0 0.011
0 0.011
0 0.011
0 0.011
-0.22821568691730498 0.250215686917305
-0.9733137264251709 0.9953137264251709
-0.9850784316062927 1
-0.24782354378700255 0.2698235437870026
0 0.011
0 0.011
0 0.011
0 0.011
0 0.011
0 0.011
0 0.011
0 0.011
0 0.011
0 0.011
0 0.011
0 0.011
0 0.011
0 0.011
0 0.011
0 0.011
0 0.011
0 0.011
0 0.011
0 0.011
0 0.011
0 0.011
0 0.011
0 0.011
-0.5419412031173706 0.5639412031173706
-0.9850784316062927 1
-0.7929215803146362 0.8149215803146362
-0.0007647061124444006 0.022764706112444404
0 0.011
0 0.011
0 0.011
0 0.011
0 0.011
0 0.011
0 0.011
0 0.011
0 0.011
0 0.011
0 0.011
0 0.011
0 0.011
0 0.011
0 0.011
0 0.011
0 0.011
0 0.011
0 0.011
0 0.011
0 0.011
0 0.011
0 0.011
-0.02821568766236305 0.050215687662363055
-0.832137264251709 0.854137264251709
-0.9850784316062927 1
-0.4635098054409027 0.4855098054409027
0 0.011
0 0.011
0 0.011
0 0.011
0 0.011
0 0.011
0 0.011
0 0.011
0 0.011
0 0.011
0 0.011
0 0.011
0 0.011
0 0.011
0 0.011
0 0.011
0 0.011
0 0.011
0 0.011
0 0.011
0 0.011
0 0.011
0 0.011
0 0.011
-0.008607843831181527 0.03060784383118153
-0.7654706015586853 0.7874706015586853
-0.6791960968971252 0.7011960968971253
-0.02821568766236305 0.050215687662363055
0 0.011
0 0.011
0 0.011
0 0.011
0 0.011
0 0.011
0 0.011
0 0.011
0 0.011
0 0.011
0 0.011
0 0.011
0 0.011
0 0.011
0 0.011
0 0.011
0 0.011
0 0.011
0 0.011
0 0.011
0 0.011
0 0.011
0 0.011
0 0.011
0 0.011
0 0.011
0 0.011
0 0.011
0 0.011
0 0.011
0 0.011
0 0.011
0 0.011
0 0.011
0 0.011
0 0.011
0 0.011
0 0.011
0 0.011
0 0.011
0 0.011
0 0.011
0 0.011
0 0.011
0 0.011
0 0.011
0 0.011
0 0.011
0 0.011
0 0.011
0 0.011
0 0.011
0 0.011
0 0.011
0 0.011
0 0.011
0 0.011
0 0.011
0 0.011
0 0.011
0 0.011
0 0.011
0 0.011
0 0.011
0 0.011
0 0.011
0 0.011
0 0.011
0 0.011
0 0.011
0 0.011
0 0.011
0 0.011
0 0.011
0 0.011
0 0.011
0 0.011
0 0.011
0 0.011
0 0.011
0 0.011
0 0.011
0 0.011
0 0.011
0 0.011
0 0.011
0 0.011
0 0.011
0 0.011
0 0.011
0 0.011
0 0.011
0 0.011
0 0.011
0 0.011
0 0.011
0 0.011
0 0.011
0 0.011
0 0.011
0 0.011
0 0.011
0 0.011
0 0.011
0 0.011
0 0.011
0 0.011
0 0.011
0 0.011
0 0.011
0 0.011
0 0.011
0 0.011
0 0.011
0 0.011
0 0.011
0 0.011
0 0.011
0 0.011
0 0.011
0 0.011
0 0.011
0 0.011
0 0.011
0 0.011
0 0.011

-1.6385 2.5358
-5.7642 6.6933
-2.8568 4.0494
-2.311 3.3504
1.1283 -0.084

-1.7751 2.9793
-6.2829 7.7681
-6.309 7.9405
-8.4505 10.125
-2.4455 4.1617

9.3655 -7.8514
-5.659 7.0241
-1.5789 3.2225
-1.5851 3.4225
4.8349 -1.906
3.7957 -2.138
1.6012 -0.2686
0.6476 1.2427
-1.488 2.0927
1.8378 -0.3159

