0 1
0 1
0 1
0 1
0 1
0 1
0 1
0 1
0 1
0 1
0 1
0 1
0 1
0 1
0 1
0 1
0 1
0 1
0 1
0 1
0 1
0 1
0 1
0 1
0 1
0 1
0 1
0 1
0 1
0 1
0 1
0 1
0 1
0 1
0 1
0 1
0 1
0 1
0 1
0 1
0 1
0 1
0 1
0 1
0 1
0 1
0 1
0 1
0 1
0 1
0 1
0 1
0 1
0 1
0 1
0 1
0 1
0 1
0 1
0 1
0 1
0 1
0 1
0 1
0 1
0 1
0 1
0 1
0 1
0 1
0 1
0 1
0 1
0 1
0 1
0 1
0 1
0 1
0 1
0 1
0 1
0 1
0 1
0 1
0 1
0 1
0 1
0 1
0 1
0 1
0 1
0 1
0 1
0 1
0 1
0 1
0 1
0 1
0 1
0 1
0 1
0 1
0 1
0 1
0 1
0 1
0 1
0 1
0 1
0 1
0 1
0 1
0 1
0 1
0 1
0 1
0 1
0 1
0 1
0 1
0 1
0 1
0 1
0 1
0 1
0 1
0 1
0 1
0 1
0 1
0 1
0 1
0 1
0 1
0 1
0 1
0 1
0 1
0 1
0 1
0 1
0 1
0 1
0 1
0 1
0 1
0 1
0 1
0 1
0 1
0 1
0 1
0 1
0 1
0 1
0 1
0 1
0 1
0 1
0 1
0 1
0 1
0 1
0 1
0 1
0 1
0 1
0 1
0 1
0 1
0 1
0 1
0 1
0 1
0 1
0 1
0 1
0 1
0 1
0 1
0 1
0 1
0 1
0 1
0 1
0 1
0 1
0 1
0 1
0 1
0 1
0 1
0 1
0 1
0 1
0 1
0 1
0 1
0 1
0 1
0 1
0 1
0 1
0 1
0 1
0 1
0 1
0 1
0 1
0 1
0 1
0 1
0 1
0 1
0 1
0 1
0 1
0 1
0 1
0 1
0 1
0 1
0 1
0 1
0 1
0 1
0 1
0 1
0 1
0 1
0 1
0 1
0 1
0 1
0 1
0 1
0 1
0 1
0 1
0 1
0 1
0 1
0 1
0 1
0 1
0 1
0 1
0 1
0 1
0 1
0 1
0 1
0 1
0 1
0 1
0 1
0 1
0 1
0 1
0 1
0 1
0 1
0 1
0 1
0 1
0 1
0 1
0 1
0 1
0 1
0 1
0 1
0 1
0 1
0 1
0 1
0 1
0 1
0 1
0 1
0 1
0 1
0 1
0 1
0 1
0 1
0 1
0 1
0 1
0 1
0 1
0 1
0 1
0 1
0 1
0 1
0 1
0 1
0 1
0 1
0 1
0 1
0 1
0 1
0 1
0 1
0 1
0 1
0 1
0 1
0 1
0 1
0 1
0 1
0 1
0 1
0 1
0 1
0 1
0 1
0 1
0 1
0 1
0 1
0 1
0 1
0 1
0 1
0 1
0 1
0 1
0 1
0 1
0 1
0 1
0 1
0 1
0 1
0 1
0 1
0 1
0 1
0 1
0 1
0 1
0 1
0 1
0 1
0 1
0 1
0 1
0 1
0 1
0 1
0 1
0 1
0 1
0 1
0 1
0 1
0 1
0 1
0 1
0 1
0 1
0 1
0 1
0 1
0 1
0 1
0 1
0 1
0 1
0 1
0 1
0 1
0 1
0 1
0 1
0 1
0 1
0 1
0 1
0 1
0 1
0 1
0 1
0 1
0 1
0 1
0 1
0 1
0 1
0 1
0 1
0 1
0 1
0 1
0 1
0 1
0 1
0 1
0 1
0 1
0 1
0 1
0 1
0 1
0 1
0 1
0 1
0 1
0 1
0 1
0 1
0 1
0 1
0 1
0 1
0 1
0 1
0 1
0 1
0 1
0 1
0 1
0 1
0 1
0 1
0 1
0 1
0 1
0 1
0 1
0 1
0 1
0 1
0 1
0 1
0 1
0 1
0 1
0 1
0 1
0 1
0 1
0 1
0 1
0 1
0 1
0 1
0 1
0 1
0 1
0 1
0 1
0 1
0 1
0 1
0 1
0 1
0 1
0 1
0 1
0 1
0 1
0 1
0 1
0 1
0 1
0 1
0 1
0 1
0 1
0 1
0 1
0 1
0 1
0 1
0 1
0 1
0 1
0 1
0 1
0 1
0 1
0 1
0 1
0 1
0 1
0 1
0 1
0 1
0 1
0 1
0 1
0 1
0 1
0 1
0 1
0 1
0 1
0 1
0 1
0 1
0 1
0 1
0 1
0 1
0 1
0 1
0 1
0 1
0 1
0 1
0 1
0 1
0 1
0 1
0 1
0 1
0 1
0 1
0 1
0 1
0 1
0 1
0 1
0 1
0 1
0 1
0 1
0 1
0 1
0 1
0 1
0 1
0 1
0 1
0 1
0 1
0 1
0 1
0 1
0 1
0 1
0 1
0 1
0 1
0 1
0 1
0 1
0 1
0 1
0 1
0 1
0 1
0 1
0 1
0 1
0 1
0 1
0 1
0 1
0 1
0 1
0 1
0 1
0 1
0 1
0 1
0 1
0 1
0 1
0 1
0 1
0 1
0 1
0 1
0 1
0 1
0 1
0 1
0 1
0 1
0 1
0 1
0 1
0 1
0 1
0 1
0 1
0 1
0 1
0 1
0 1
0 1
0 1
0 1
0 1
0 1
0 1
0 1
0 1
0 1
0 1
0 1
0 1
0 1
0 1
0 1
0 1
0 1
0 1
0 1
0 1
0 1
0 1
0 1
0 1
0 1
0 1
0 1
0 1
0 1
0 1
0 1
0 1
0 1
0 1
0 1
0 1
0 1
0 1
0 1
0 1
0 1
0 1
0 1
0 1
0 1
0 1
0 1
0 1
0 1
0 1
0 1
0 1
0 1
0 1
0 1
0 1
0 1
0 1
0 1
0 1
0 1
0 1
0 1
0 1
0 1
0 1
0 1
0 1
0 1
0 1
0 1
0 1
0 1
0 1
0 1
0 1
0 1
0 1
0 1
0 1
0 1
0 1
0 1
0 1
0 1
0 1
0 1
0 1
0 1
0 1
0 1
0 1
0 1
0 1
0 1
0 1
0 1
0 1
0 1
0 1
0 1
0 1
0 1
0 1
0 1
0 1
0 1
0 1
0 1
0 1
0 1
0 1
0 1
0 1
0 1
0 1
0 1
0 1
0 1
0 1
0 1
0 1
0 1
0 1
0 1
0 1
0 1
0 1
0 1
0 1
0 1
0 1
0 1
0 1
0 1
0 1
0 1
0 1
0 1
0 1
0 1
0 1
0 1
0 1
0 1
0 1
0 1
0 1
0 1
0 1
0 1
0 1
0 1
0 1
0 1
0 1
0 1
0 1
0 1
0 1
0 1
0 1
0 1
0 1
0 1
0 1
0 1
0 1
0 1
0 1
0 1
0 1
0 1
0 1
0 1
0 1
0 1
0 1
0 1
0 1
0 1
0 1
0 1
0 1
0 1
0 1
0 1
0 1

50.45331274252435 42.423418854856926
20.44933509162211 69.82487942875599
63.14682110580227 16.087703261771697
33.33789529042529 59.64697073698606
24.8425809358445 55.65807946481191
46.480861283476315 42.49282093235397
69.64499897522344 31.20907618761807
45.62623041413038 46.16021941343782
52.80624485511523 51.09580070395265
52.15566675535783 47.97287489285469
63.32619042020056 33.2435258061141
42.48493398847868 51.12984146854657
68.72817189294454 28.86428852333376
84.39683163256905 15.244505034558241
40.439385470172304 44.525047169904106
84.18668594141923 15.873726254713286
60.46173597890006 31.083375008109904
66.08415175813815 30.74937681893473
64.29743652088392 35.39005000897868
90.65062917109847 5.397169718607239
33.16970826202085 67.10693911431378
42.87198018975202 48.87929364123672
42.650043761456 54.221709383211206
68.54070993112438 24.827241000016638
48.65667880082634 47.96641316999905
104.18016703755049 -0.273032697457128
73.76215088968841 31.707827886264663
71.47904079837062 39.422071493703825
65.27256538800765 36.56199038168466
46.66943831878007 48.271424381138964
43.95343610066056 45.252635614772785
67.78589002612102 37.32959311447018
36.481541919967945 51.61168939574561
39.91972345373597 42.78379268173498
59.68526079889811 36.97282689057501
55.949855107563344 30.2092426548919
50.21551690494352 39.077328496912685
98.1290041183703 -4.771262073896328
87.15276097485713 12.047492721078248
48.14667021040853 39.60034816834487
33.76242862513053 51.81356970444728
115.36828344118156 -17.004927151513034
67.23080768370785 24.348455426897342
46.589892674013164 37.280761733253094
60.96810752373972 32.73471765850988
73.01130729832283 17.567991618196313
23.141322560325165 71.57444563841693
66.89194691274285 18.76829072559174
62.495483243724465 37.69516793674873
53.60751246397784 38.83982495091541

164.42710008809985 195.73279554943346
151.51655015478394 193.92878120364907
185.78547870735025 195.37089048887682
152.6135687130264 148.39019739461537
161.6111379518472 247.27051153735528
146.6094496421027 134.0432954750337
148.31477600570767 254.61411872165377
237.1617312677776 134.661983895519
263.10296225318524 259.1902356584226
205.10798712821045 151.48974219915223
221.3831518557855 221.41667473152663
133.89303330216214 176.56371392691088
217.54850484735525 209.6692101229532
193.08001639965164 218.39607092752726
157.67086769767764 122.15795463846203
169.80111395979796 136.28812709947127
207.6816225699452 167.05009955524994
187.45091671736168 179.79183795766065
138.73915794244792 259.60175495609116
167.7094350901243 179.2506292950759
211.64891985963513 206.4753485580961
152.7121114336373 230.06154505962584
162.28547799477917 241.4599594176732
248.925810159595 99.2076605155258
141.03976714183995 232.5833259856419
224.83201161257944 156.2212034269191
142.2956369658735 213.46117099697642
201.65092528482043 198.55276107011377
140.8000805365074 197.9066677898244
206.33228395947592 210.89723854996345
243.3869134004473 208.40813596203458
149.41247476562117 184.31281088703116
138.0151568661011 141.8692447480155
146.1272932649701 235.43955621299375
311.4018915714598 172.95139855999608
226.99429784592778 161.50364673548745
207.47931158330582 129.06077741017208
198.74232571094322 205.60129723680075
173.4617648870481 209.17961282734802
109.0330745331555 193.97760496247068
165.90655444579488 230.44900980395883
199.89337715685076 197.18926589335277
160.87072949039086 165.3399826854337
259.35037293559054 196.2836822749638
158.47595215685615 213.33328912031928
182.80659799230378 287.38955129363006
243.04893040341565 151.28139265410277
204.04970185917585 220.54438935010563
164.60107593941026 165.75950527957187
286.56540316739535 140.46654125042866

800.0937634381042 1202.0808094343624
1072.419697423706 1199.4208373365684
760.966394986551 1233.8563511895206
831.2061932877865 779.0635089270843
782.8152421996408 1121.3128531845846
910.2003317802045 997.6190160906602
938.5805346280747 673.7103613830361
1035.3994880920486 1006.5650950310014
785.6935435539117 925.4615740068963
668.1694329984301 833.5870680193149
1036.66016251199 628.5968021537948
935.3822317851724 910.9469947313848
1503.9283903465564 885.0659243256214
802.4828685144512 1006.4943134828118
930.5099245534446 1385.7302010296173
767.4164605465056 1039.9497430478648
859.4429908858056 652.6907495241287
648.7593465776232 1010.9434749851339
646.7648154296844 1290.089592290798
1020.7325974438603 661.3641202672296
1313.1905635572252 689.6529494252371
784.9632159877784 775.4903192044733
903.0993435381984 946.6763638102833
755.537155538073 999.1990076953495
810.4937865016362 506.8561674219708
955.1438629730742 1093.0293337443688
1097.7528347783693 863.9625280457642
882.9092479563045 1242.409019292083
1051.6466718232386 1034.6754662295798
751.4571880771558 1424.204793249914
714.218681812234 1261.7873558124397
875.5014132836382 776.0972033218621
811.0450238444658 1046.1010891273988
948.8163595243287 727.7026050886967
979.7590448503498 823.5475774735091
1081.2323521588226 912.8641475512263
861.5684679644318 1173.2866674263184
819.1116209512998 1180.0002781564617
1002.1622353121443 859.282728714165
1159.2611470448142 1064.4440092959765
1107.3265482867703 904.2300837076199
989.7590685590314 1189.7691636908955
960.4989165349544 868.9310225359764
699.4288857447531 1215.4745724484073
867.7715274214138 995.9715592968547
720.1124912391306 1061.4002477029862
701.4425504182349 1280.6805116244525
961.8201543276127 865.3551961452021
1147.4221079302158 987.5059850200466
704.5094073394621 874.5646685143722

inf inf
inf inf
inf inf
inf inf
inf inf
inf inf
inf inf
inf inf
inf inf
inf inf

