0 1
0 1
0 1
0 1
0 1
0 1
0 1
0 1
0 1
0 1
0 1
0 1
0 1
0 1
0 1
0 1
0 1
0 1
0 1
0 1
0 1
0 1
0 1
0 1
0 1
0 1
0 1
0 1
0 1
0 1
0 1
0 1
0 1
0 1
0 1
0 1
0 1
0 1
0 1
0 1
0 1
0 1
0 1
0 1
0 1
0 1
0 1
0 1
0 1
0 1
0 1
0 1
0 1
0 1
0 1
0 1
0 1
0 1
0 1
0 1
0 1
0 1
0 1
0 1
0 1
0 1
0 1
0 1
0 1
0 1
0 1
0 1
0 1
0 1
0 1
0 1
0 1
0 1
0 1
0 1
0 1
0 1
0 1
0 1
0 1
0 1
0 1
0 1
0 1
0 1
0 1
0 1
0 1
0 1
0 1
0 1
0 1
0 1
0 1
0 1
0 1
0 1
0 1
0 1
0 1
0 1
0 1
0 1
0 1
0 1
0 1
0 1
0 1
0 1
0 1
0 1
0 1
0 1
0 1
0 1
0 1
0 1
0 1
0 1
0 1
0 1
0 1
0 1
0 1
0 1
0 1
0 1
0 1
0 1
0 1
0 1
0 1
0 1
0 1
0 1
0 1
0 1
0 1
0 1
0 1
0 1
0 1
0 1
0 1
0 1
0 1
0 1
0 1
0 1
0 1
0 1
0 1
0 1
0 1
0 1
0 1
0 1
0 1
0 1
0 1
0 1
0 1
0 1
0 1
0 1
0 1
0 1
0 1
0 1
0 1
0 1
0 1
0 1
0 1
0 1
0 1
0 1
0 1
0 1
0 1
0 1
0 1
0 1
0 1
0 1
0 1
0 1
0 1
0 1
0 1
0 1
0 1
0 1
0 1
0 1
0 1
0 1
0 1
0 1
0 1
0 1
0 1
0 1
0 1
0 1
0 1
0 1
0 1
0 1
0 1
0 1
0 1
0 1
0 1
0 1
0 1
0 1
0 1
0 1
0 1
0 1
0 1
0 1
0 1
0 1
0 1
0 1
0 1
0 1
0 1
0 1
0 1
0 1
0 1
0 1
0 1
0 1
0 1
0 1
0 1
0 1
0 1
0 1
0 1
0 1
0 1
0 1
0 1
0 1
0 1
0 1
0 1
0 1
0 1
0 1
0 1
0 1
0 1
0 1
0 1
0 1
0 1
0 1
0 1
0 1
0 1
0 1
0 1
0 1
0 1
0 1
0 1
0 1
0 1
0 1
0 1
0 1
0 1
0 1
0 1
0 1
0 1
0 1
0 1
0 1
0 1
0 1
0 1
0 1
0 1
0 1
0 1
0 1
0 1
0 1
0 1
0 1
0 1
0 1
0 1
0 1
0 1
0 1
0 1
0 1
0 1
0 1
0 1
0 1
0 1
0 1
0 1
0 1
0 1
0 1
0 1
0 1
0 1
0 1
0 1
0 1
0 1
0 1
0 1
0 1
0 1
0 1
0 1
0 1
0 1
0 1
0 1
0 1
0 1
0 1
0 1
0 1
0 1
0 1
0 1
0 1
0 1
0 1
0 1
0 1
0 1
0 1
0 1
0 1
0 1
0 1
0 1
0 1
0 1
0 1
0 1
0 1
0 1
0 1
0 1
0 1
0 1
0 1
0 1
0 1
0 1
0 1
0 1
0 1
0 1
0 1
0 1
0 1
0 1
0 1
0 1
0 1
0 1
0 1
0 1
0 1
0 1
0 1
0 1
0 1
0 1
0 1
0 1
0 1
0 1
0 1
0 1
0 1
0 1
0 1
0 1
0 1
0 1
0 1
0 1
0 1
0 1
0 1
0 1
0 1
0 1
0 1
0 1
0 1
0 1
0 1
0 1
0 1
0 1
0 1
0 1
0 1
0 1
0 1
0 1
0 1
0 1
0 1
0 1
0 1
0 1
0 1
0 1
0 1
0 1
0 1
0 1
0 1
0 1
0 1
0 1
0 1
0 1
0 1
0 1
0 1
0 1
0 1
0 1
0 1
0 1
0 1
0 1
0 1
0 1
0 1
0 1
0 1
0 1
0 1
0 1
0 1
0 1
0 1
0 1
0 1
0 1
0 1
0 1
0 1
0 1
0 1
0 1
0 1
0 1
0 1
0 1
0 1
0 1
0 1
0 1
0 1
0 1
0 1
0 1
0 1
0 1
0 1
0 1
0 1
0 1
0 1
0 1
0 1
0 1
0 1
0 1
0 1
0 1
0 1
0 1
0 1
0 1
0 1
0 1
0 1
0 1
0 1
0 1
0 1
0 1
0 1
0 1
0 1
0 1
0 1
0 1
0 1
0 1
0 1
0 1
0 1
0 1
0 1
0 1
0 1
0 1
0 1
0 1
0 1
0 1
0 1
0 1
0 1
0 1
0 1
0 1
0 1
0 1
0 1
0 1
0 1
0 1
0 1
0 1
0 1
0 1
0 1
0 1
0 1
0 1
0 1
0 1
0 1
0 1
0 1
0 1
0 1
0 1
0 1
0 1
0 1
0 1
0 1
0 1
0 1
0 1
0 1
0 1
0 1
0 1
0 1
0 1
0 1
0 1
0 1
0 1
0 1
0 1
0 1
0 1
0 1
0 1
0 1
0 1
0 1
0 1
0 1
0 1
0 1
0 1
0 1
0 1
0 1
0 1
0 1
0 1
0 1
0 1
0 1
0 1
0 1
0 1
0 1
0 1
0 1
0 1
0 1
0 1
0 1
0 1
0 1
0 1
0 1
0 1
0 1
0 1
0 1
0 1
0 1
0 1
0 1
0 1
0 1
0 1
0 1
0 1
0 1
0 1
0 1
0 1
0 1
0 1
0 1
0 1
0 1
0 1
0 1
0 1
0 1
0 1
0 1
0 1
0 1
0 1
0 1
0 1
0 1
0 1
0 1
0 1
0 1
0 1
0 1
0 1
0 1
0 1
0 1
0 1
0 1
0 1
0 1
0 1
0 1
0 1
0 1
0 1
0 1
0 1
0 1
0 1
0 1
0 1
0 1
0 1
0 1
0 1
0 1
0 1
0 1
0 1
0 1
0 1
0 1
0 1
0 1
0 1
0 1
0 1
0 1
0 1
0 1
0 1
0 1
0 1
0 1
0 1
0 1
0 1
0 1
0 1
0 1
0 1
0 1
0 1
0 1
0 1
0 1
0 1
0 1
0 1
0 1
0 1
0 1
0 1
0 1
0 1
0 1
0 1
0 1
0 1
0 1
0 1
0 1
0 1
0 1
0 1
0 1
0 1
0 1
0 1
0 1
0 1
0 1
0 1
0 1
0 1
0 1
0 1
0 1
0 1
0 1
0 1
0 1
0 1
0 1
0 1
0 1
0 1
0 1
0 1
0 1
0 1
0 1
0 1
0 1
0 1
0 1
0 1
0 1
0 1
0 1
0 1
0 1
0 1
0 1
0 1
0 1
0 1
0 1
0 1
0 1
0 1
0 1
0 1
0 1
0 1
0 1
0 1
0 1
0 1
0 1
0 1
0 1

65.27509322181436 28.469023994852183
65.27488961786557 37.93825018133977
63.961414089136845 31.644654368145382
82.61630937736302 29.830152263401228
38.005847512598834 67.4794323051716
19.813618814501126 76.43865881613796
48.823842337561096 53.622658564416525
46.47770429372784 67.22359824482484
51.60719409224577 44.8103858000643
5.3767692127296876 95.62559756785454
83.6356040247195 28.765145527652056
75.62124239068804 50.20691046771786
63.16681972936512 43.36180310765213
48.53181276816443 46.58442050153368
75.76225664088287 27.53055281909424
51.22825469750765 45.687736397659556
42.39390736348874 52.86486528941284
51.144336626747624 54.8834668143111
90.26303438119868 11.713729505360838
65.93489922228389 36.112031230993644
82.63708316622427 37.11034863042457
45.47420046953028 63.88675979591529
77.59424248324015 29.246556221139585
96.76001658245399 19.67031457261635
61.503826894768146 40.43426012452151
39.66270636093478 58.33411140825907
47.446624754181435 45.96500293153239
67.21546248291891 17.395685629024406
97.01954716859557 15.627232238096653
65.42922022827385 48.17196887549067
84.27777380873795 23.683441222342864
68.2972505732493 46.14436849820582
69.66217314678637 37.72070372565568
60.476750274011984 49.1354400908691
65.1483169633873 30.08234350309364
85.83502238948891 20.03621515323694
56.05181579072407 40.15866078443058
40.38935454840642 57.56220000773799
45.63151894495644 56.67985162097987
36.15243013019477 73.91420137997824
88.5140887761448 14.605264032664431
49.36289664940891 52.45331094918214
28.3598086996741 73.65344940009619
54.92842209787088 51.73072691794204
83.24169844054785 17.297317061836434
44.093684262456605 62.548526120554506
33.96085223070629 76.9545808151125
59.49366770426747 39.99010256421274
38.649994253523445 59.38981130732127
35.81092927658325 58.32946371674751

364.01243349982076 338.3981295119176
307.21397118016847 248.99198066668785
253.38020610879397 238.92679856570388
311.62612115109823 240.30708958938786
178.78350997316213 296.0834259809845
340.00791255113745 307.6711893893581
186.1619315922613 303.81775562274004
296.03191653146996 271.61418524003045
331.77725783238463 320.4616769891892
228.64252416681654 243.53984386221052
238.92891097256665 208.44054606779414
270.17677058852934 247.41923527638457
155.89004577810002 347.68328649946926
247.38590562220148 237.59391229253575
177.93778265407752 247.85304007153508
258.6599248861567 325.64616019641664
354.31698627360595 250.96306050218428
192.97254115620706 314.3590971829975
182.90924657017595 324.9566840034082
191.46968132272767 207.0457164087887
226.61141550782443 281.96481322270347
273.7042354962218 208.26125382663452
202.69443782800434 269.26671937838887
167.78049579427946 262.85606311752565
347.0414168013172 235.00670294664684
208.40748869117132 255.35371997165294
288.83112641534757 261.87095150830487
204.13913666803705 242.45556014329426
298.14532045363666 327.7067225102039
217.92924503030036 362.6740294741965
275.3759455172357 334.95849245137975
185.2241214912728 204.4353547733652
218.01267807650703 255.94695887857287
185.63929250554438 404.1343058744337
229.27133713047039 310.5296337679548
215.4013892561875 265.0078244604168
253.68841823242448 198.06223491386774
234.1902032681459 238.31054711187733
219.79560930205855 356.6217475575863
236.23115116269835 329.4729339344668
329.0226965331814 257.21158080315354
177.9212617945883 286.40230297675436
207.14999590587894 285.3160854943038
298.30892494433914 266.88914213483434
324.68751290309905 368.0808716452901
298.1473694761044 191.12442144530505
227.47152761065917 404.83112877255587
165.9662083341777 291.3918072939988
340.21982142334105 318.2880247017023
191.12757984057183 266.33740129605826

2456.9461531976053 1529.6095512896939
1852.316254170613 1844.0882272871193
1928.5849779329865 1742.7179916450766
2469.4322977181214 1519.166226246529
2890.977470518963 1536.516526211441
2129.3147530730075 2009.7313146909364
2884.484668801626 1762.5937273289014
2147.8636991605285 1925.433190661286
2294.7888966517676 1358.0342922055095
2547.249342332225 1725.8364141676427

