0 0.05500000000000001
0 0.05500000000000001
0 0.05500000000000001
0 0.05500000000000001
0 0.05500000000000001
0 0.05500000000000001
0 0.05500000000000001
0 0.05500000000000001
0 0.05500000000000001
0 0.05500000000000001
0 0.05500000000000001
0 0.05500000000000001
0 0.05500000000000001
0 0.05500000000000001
0 0.05500000000000001
0 0.05500000000000001
0 0.05500000000000001
0 0.05500000000000001
0 0.05500000000000001
0 0.05500000000000001
0 0.05500000000000001
0 0.05500000000000001
0 0.05500000000000001
0 0.05500000000000001
0 0.05500000000000001
0 0.05500000000000001
0 0.05500000000000001
0 0.05500000000000001
0 0.05500000000000001
0 0.05500000000000001
0 0.05500000000000001
0 0.05500000000000001
0 0.05500000000000001
0 0.05500000000000001
0 0.05500000000000001
0 0.05500000000000001
0 0.05500000000000001
0 0.05500000000000001
0 0.05500000000000001
0 0.05500000000000001
0 0.05500000000000001
0 0.05500000000000001
0 0.05500000000000001
0 0.05500000000000001
0 0.05500000000000001
0 0.05500000000000001
0 0.05500000000000001
0 0.05500000000000001
0 0.05500000000000001
0 0.05500000000000001
0 0.05500000000000001
0 0.05500000000000001
0 0.05500000000000001
0 0.05500000000000001
0 0.05500000000000001
0 0.05500000000000001
0 0.05500000000000001
0 0.05500000000000001
0 0.05500000000000001
0 0.05500000000000001
0 0.05500000000000001
0 0.05500000000000001
0 0.05500000000000001
0 0.05500000000000001
0 0.05500000000000001
0 0.05500000000000001
0 0.05500000000000001
0 0.05500000000000001
0 0.05500000000000001
0 0.05500000000000001
0 0.05500000000000001
0 0.05500000000000001
0 0.05500000000000001
0 0.05500000000000001
0 0.05500000000000001
0 0.05500000000000001
0 0.05500000000000001
0 0.05500000000000001
0 0.05500000000000001
0 0.05500000000000001
0 0.05500000000000001
0 0.05500000000000001
0 0.05500000000000001
0 0.05500000000000001
0 0.05500000000000001
0 0.05500000000000001
0 0.05500000000000001
0 0.05500000000000001
0 0.05500000000000001
0 0.05500000000000001
0 0.05500000000000001
0 0.05500000000000001
0 0.05500000000000001
0 0.05500000000000001
0 0.05500000000000001
0 0.05500000000000001
0 0.05500000000000001
0 0.05500000000000001
0 0.05500000000000001
0 0.05500000000000001
0 0.05500000000000001
0 0.05500000000000001
0 0.05500000000000001
0 0.05500000000000001
0 0.05500000000000001
0 0.05500000000000001
0 0.05500000000000001
0 0.05500000000000001
0 0.05500000000000001
0 0.05500000000000001
0 0.05500000000000001
0 0.05500000000000001
0 0.05500000000000001
0 0.05500000000000001
0 0.05500000000000001
0 0.05500000000000001
0 0.05500000000000001
0 0.05500000000000001
0 0.05500000000000001
0 0.05500000000000001
0 0.05500000000000001
0 0.05500000000000001
0 0.05500000000000001
0 0.05500000000000001
0 0.05500000000000001
0 0.05500000000000001
0 0.05500000000000001
0 0.05500000000000001
-0.09401961386203765 0.20401961386203765
-0.9410784316062927 1
-0.3724509847164154 0.4824509847164154
0 0.05500000000000001
0 0.05500000000000001
0 0.05500000000000001
0 0.05500000000000001
0 0.05500000000000001
0 0.05500000000000001
0 0.05500000000000001
0 0.05500000000000001
0 0.05500000000000001
0 0.05500000000000001
0 0.05500000000000001
0 0.05500000000000001
0 0.05500000000000001
0 0.05500000000000001
0 0.05500000000000001
0 0.05500000000000001
0 0.05500000000000001
0 0.05500000000000001
0 0.05500000000000001
0 0.05500000000000001
0 0.05500000000000001
0 0.05500000000000001
0 0.05500000000000001
0 0.05500000000000001
0 0.05500000000000001
-0.28617648005485535 0.39617648005485534
-0.9332352948188781 1
-0.266568638086319 0.37656863808631896
0 0.05500000000000001
0 0.05500000000000001
0 0.05500000000000001
0 0.05500000000000001
0 0.05500000000000001
0 0.05500000000000001
0 0.05500000000000001
0 0.05500000000000001
0 0.05500000000000001
0 0.05500000000000001
0 0.05500000000000001
0 0.05500000000000001
0 0.05500000000000001
0 0.05500000000000001
0 0.05500000000000001
0 0.05500000000000001
0 0.05500000000000001
0 0.05500000000000001
0 0.05500000000000001
0 0.05500000000000001
0 0.05500000000000001
0 0.05500000000000001
0 0.05500000000000001
0 0.05500000000000001
0 0.05500000000000001
-0.47441179275512696 0.584411792755127
-0.8900980424880981 1
0 0.05500000000000001
0 0.05500000000000001
0 0.05500000000000001
0 0.05500000000000001
0 0.05500000000000001
0 0.05500000000000001
0 0.05500000000000001
0 0.05500000000000001
0 0.05500000000000001
0 0.05500000000000001
0 0.05500000000000001
0 0.05500000000000001
0 0.05500000000000001
0 0.05500000000000001
0 0.05500000000000001
0 0.05500000000000001
0 0.05500000000000001
0 0.05500000000000001
0 0.05500000000000001
0 0.05500000000000001
0 0.05500000000000001
0 0.05500000000000001
0 0.05500000000000001
0 0.05500000000000001
0 0.05500000000000001
-0.1214705926179886 0.23147059261798858
-0.9018627476692199 1
-0.533235318660736 0.6432353186607361
0 0.05500000000000001
0 0.05500000000000001
0 0.05500000000000001
0 0.05500000000000001
0 0.05500000000000001
0 0.05500000000000001
0 0.05500000000000001
0 0.05500000000000001
0 0.05500000000000001
0 0.05500000000000001
0 0.05500000000000001
0 0.05500000000000001
0 0.05500000000000001
0 0.05500000000000001
0 0.05500000000000001
0 0.05500000000000001
0 0.05500000000000001
0 0.05500000000000001
0 0.05500000000000001
0 0.05500000000000001
0 0.05500000000000001
0 0.05500000000000001
0 0.05500000000000001
0 0.05500000000000001
0 0.05500000000000001
-0.2744117748737335 0.3844117748737335
-0.9410784316062927 1
-0.19205882370471955 0.30205882370471954
0 0.05500000000000001
0 0.05500000000000001
0 0.05500000000000001
0 0.05500000000000001
0 0.05500000000000001
0 0.05500000000000001
0 0.05500000000000001
0 0.05500000000000001
0 0.05500000000000001
0 0.05500000000000001
0 0.05500000000000001
0 0.05500000000000001
0 0.05500000000000001
0 0.05500000000000001
0 0.05500000000000001
0 0.05500000000000001
0 0.05500000000000001
0 0.05500000000000001
0 0.05500000000000001
0 0.05500000000000001
0 0.05500000000000001
0 0.05500000000000001
0 0.05500000000000001
0 0.05500000000000001
0 0.05500000000000001
-0.7371568751335144 0.8471568751335145
-0.8195098114013671 0.9295098114013672
0 0.09813725605607033
0 0.05500000000000001
0 0.05500000000000001
0 0.05500000000000001
0 0.05500000000000001
0 0.05500000000000001
0 0.05500000000000001
0 0.05500000000000001
0 0.05500000000000001
0 0.05500000000000001
0 0.05500000000000001
0 0.05500000000000001
0 0.05500000000000001
0 0.05500000000000001
0 0.05500000000000001
0 0.05500000000000001
0 0.05500000000000001
0 0.05500000000000001
0 0.05500000000000001
0 0.05500000000000001
0 0.05500000000000001
0 0.05500000000000001
0 0.05500000000000001
0 0.05500000000000001
0 0.05500000000000001
-0.070490203499794 0.180490203499794
-0.9410784316062927 1
-0.7920588326454162 0.9020588326454163
0 0.05500000000000001
0 0.05500000000000001
0 0.05500000000000001
0 0.05500000000000001
0 0.05500000000000001
0 0.05500000000000001
0 0.05500000000000001
0 0.05500000000000001
0 0.05500000000000001
0 0.05500000000000001
0 0.05500000000000001
0 0.05500000000000001
0 0.05500000000000001
0 0.05500000000000001
0 0.05500000000000001
0 0.05500000000000001
0 0.05500000000000001
0 0.05500000000000001
0 0.05500000000000001
0 0.05500000000000001
0 0.05500000000000001
0 0.05500000000000001
0 0.05500000000000001
0 0.05500000000000001
0 0.05500000000000001
-0.31754902720451356 0.42754902720451354
-0.9410784316062927 1
-0.7097058963775634 0.8197058963775635
0 0.05500000000000001
0 0.05500000000000001
0 0.05500000000000001
0 0.05500000000000001
0 0.05500000000000001
0 0.05500000000000001
0 0.05500000000000001
0 0.05500000000000001
0 0.05500000000000001
0 0.05500000000000001
0 0.05500000000000001
0 0.05500000000000001
0 0.05500000000000001
0 0.05500000000000001
0 0.05500000000000001
0 0.05500000000000001
0 0.05500000000000001
0 0.05500000000000001
0 0.05500000000000001
0 0.05500000000000001
0 0.05500000000000001
0 0.05500000000000001
0 0.05500000000000001
0 0.05500000000000001
0 0.05500000000000001
-0.49401963472366334 0.6040196347236634
-0.9410784316062927 1
-0.2469607961177826 0.3569607961177826
0 0.05500000000000001
0 0.05500000000000001
0 0.05500000000000001
0 0.05500000000000001
0 0.05500000000000001
0 0.05500000000000001
0 0.05500000000000001
0 0.05500000000000001
0 0.05500000000000001
0 0.05500000000000001
0 0.05500000000000001
0 0.05500000000000001
0 0.05500000000000001
0 0.05500000000000001
0 0.05500000000000001
0 0.05500000000000001
0 0.05500000000000001
0 0.05500000000000001
0 0.05500000000000001
0 0.05500000000000001
0 0.05500000000000001
0 0.05500000000000001
0 0.05500000000000001
0 0.05500000000000001
-0.1685294133424759 0.2785294133424759
-0.874411768913269 0.9844117689132691
-0.7489215803146362 0.8589215803146363
0 0.08637255087494851
0 0.05500000000000001
0 0.05500000000000001
0 0.05500000000000001
0 0.05500000000000001
0 0.05500000000000001
0 0.05500000000000001
0 0.05500000000000001
0 0.05500000000000001
0 0.05500000000000001
0 0.05500000000000001
0 0.05500000000000001
0 0.05500000000000001
0 0.05500000000000001
0 0.05500000000000001
0 0.05500000000000001
0 0.05500000000000001
0 0.05500000000000001
0 0.05500000000000001
0 0.05500000000000001
0 0.05500000000000001
0 0.05500000000000001
0 0.05500000000000001
0 0.05500000000000001
0 0.05500000000000001
-0.43127451062202454 0.5412745106220246
-0.945 1
-0.5920588445663452 0.7020588445663453
0 0.05500000000000001
0 0.05500000000000001
0 0.05500000000000001
0 0.05500000000000001
0 0.05500000000000001
0 0.05500000000000001
0 0.05500000000000001
0 0.05500000000000001
0 0.05500000000000001
0 0.05500000000000001
0 0.05500000000000001
0 0.05500000000000001
0 0.05500000000000001
0 0.05500000000000001
0 0.05500000000000001
0 0.05500000000000001
0 0.05500000000000001
0 0.05500000000000001
0 0.05500000000000001
0 0.05500000000000001
0 0.05500000000000001
0 0.05500000000000001
0 0.05500000000000001
0 0.05500000000000001
0 0.05500000000000001
-0.6155882549285888 0.7255882549285889
-0.9410784316062927 1
-0.2626470696926117 0.3726470696926117
0 0.05500000000000001
0 0.05500000000000001
0 0.05500000000000001
0 0.05500000000000001
0 0.05500000000000001
0 0.05500000000000001
0 0.05500000000000001
0 0.05500000000000001
0 0.05500000000000001
0 0.05500000000000001
0 0.05500000000000001
0 0.05500000000000001
0 0.05500000000000001
0 0.05500000000000001
0 0.05500000000000001
0 0.05500000000000001
0 0.05500000000000001
0 0.05500000000000001
0 0.05500000000000001
0 0.05500000000000001
0 0.05500000000000001
0 0.05500000000000001
0 0.05500000000000001
0 0.05500000000000001
-0.0391176488995552 0.1491176488995552
-0.8548039269447326 0.9648039269447327
-0.7881372642517089 0.898137264251709
0 0.05500000000000001
0 0.05500000000000001
0 0.05500000000000001
0 0.05500000000000001
0 0.05500000000000001
0 0.05500000000000001
0 0.05500000000000001
0 0.05500000000000001
0 0.05500000000000001
0 0.05500000000000001
0 0.05500000000000001
0 0.05500000000000001
0 0.05500000000000001
0 0.05500000000000001
0 0.05500000000000001
0 0.05500000000000001
0 0.05500000000000001
0 0.05500000000000001
0 0.05500000000000001
0 0.05500000000000001
0 0.05500000000000001
0 0.05500000000000001
0 0.05500000000000001
0 0.05500000000000001
0 0.05500000000000001
-0.41558823704719544 0.5255882370471955
-0.9410784316062927 1
-0.5685294342041015 0.6785294342041016
0 0.05500000000000001
0 0.05500000000000001
0 0.05500000000000001
0 0.05500000000000001
0 0.05500000000000001
0 0.05500000000000001
0 0.05500000000000001
0 0.05500000000000001
0 0.05500000000000001
0 0.05500000000000001
0 0.05500000000000001
0 0.05500000000000001
0 0.05500000000000001
0 0.05500000000000001
0 0.05500000000000001
0 0.05500000000000001
0 0.05500000000000001
0 0.05500000000000001
0 0.05500000000000001
0 0.05500000000000001
0 0.05500000000000001
0 0.05500000000000001
0 0.05500000000000001
0 0.05500000000000001
0 0.05500000000000001
-0.5371568870544433 0.6471568870544434
-0.9410784316062927 1
-0.5018627715110778 0.6118627715110779
0 0.05500000000000001
0 0.05500000000000001
0 0.05500000000000001
0 0.05500000000000001
0 0.05500000000000001
0 0.05500000000000001
0 0.05500000000000001
0 0.05500000000000001
0 0.05500000000000001
0 0.05500000000000001
0 0.05500000000000001
0 0.05500000000000001
0 0.05500000000000001
0 0.05500000000000001
0 0.05500000000000001
0 0.05500000000000001
0 0.05500000000000001
0 0.05500000000000001
0 0.05500000000000001
0 0.05500000000000001
0 0.05500000000000001
0 0.05500000000000001
0 0.05500000000000001
0 0.05500000000000001
0 0.05500000000000001
-0.8391176533699035 0.9491176533699036
-0.9410784316062927 1
-0.20382354378700257 0.31382354378700256
0 0.05500000000000001
0 0.05500000000000001
0 0.05500000000000001
0 0.05500000000000001
0 0.05500000000000001
0 0.05500000000000001
0 0.05500000000000001
0 0.05500000000000001
0 0.05500000000000001
0 0.05500000000000001
0 0.05500000000000001
0 0.05500000000000001
0 0.05500000000000001
0 0.05500000000000001
0 0.05500000000000001
0 0.05500000000000001
0 0.05500000000000001
0 0.05500000000000001
0 0.05500000000000001
0 0.05500000000000001
0 0.05500000000000001
0 0.05500000000000001
0 0.05500000000000001
0 0.05500000000000001
-0.184215686917305 0.294215686917305
-0.9293137264251708 1
-0.9410784316062927 1
-0.20382354378700257 0.31382354378700256
0 0.05500000000000001
0 0.05500000000000001
0 0.05500000000000001
0 0.05500000000000001
0 0.05500000000000001
0 0.05500000000000001
0 0.05500000000000001
0 0.05500000000000001
0 0.05500000000000001
0 0.05500000000000001
0 0.05500000000000001
0 0.05500000000000001
0 0.05500000000000001
0 0.05500000000000001
0 0.05500000000000001
0 0.05500000000000001
0 0.05500000000000001
0 0.05500000000000001
0 0.05500000000000001
0 0.05500000000000001
0 0.05500000000000001
0 0.05500000000000001
0 0.05500000000000001
0 0.05500000000000001
-0.49794120311737056 0.6079412031173707
-0.9410784316062927 1
-0.7489215803146362 0.8589215803146363
0 0.06676470611244441
0 0.05500000000000001
0 0.05500000000000001
0 0.05500000000000001
0 0.05500000000000001
0 0.05500000000000001
0 0.05500000000000001
0 0.05500000000000001
0 0.05500000000000001
0 0.05500000000000001
0 0.05500000000000001
0 0.05500000000000001
0 0.05500000000000001
0 0.05500000000000001
0 0.05500000000000001
0 0.05500000000000001
0 0.05500000000000001
0 0.05500000000000001
0 0.05500000000000001
0 0.05500000000000001
0 0.05500000000000001
0 0.05500000000000001
0 0.05500000000000001
0 0.05500000000000001
0 0.09421568766236306
-0.7881372642517089 0.898137264251709
-0.9410784316062927 1
-0.4195098054409027 0.5295098054409028
0 0.05500000000000001
0 0.05500000000000001
0 0.05500000000000001
0 0.05500000000000001
0 0.05500000000000001
0 0.05500000000000001
0 0.05500000000000001
0 0.05500000000000001
0 0.05500000000000001
0 0.05500000000000001
0 0.05500000000000001
0 0.05500000000000001
0 0.05500000000000001
0 0.05500000000000001
0 0.05500000000000001
0 0.05500000000000001
0 0.05500000000000001
0 0.05500000000000001
0 0.05500000000000001
0 0.05500000000000001
0 0.05500000000000001
0 0.05500000000000001
0 0.05500000000000001
0 0.05500000000000001
0 0.07460784383118153
-0.7214706015586853 0.8314706015586854
-0.6351960968971252 0.7451960968971253
0 0.09421568766236306
0 0.05500000000000001
0 0.05500000000000001
0 0.05500000000000001
0 0.05500000000000001
0 0.05500000000000001
0 0.05500000000000001
0 0.05500000000000001
0 0.05500000000000001
0 0.05500000000000001
0 0.05500000000000001
0 0.05500000000000001
0 0.05500000000000001
0 0.05500000000000001
0 0.05500000000000001
0 0.05500000000000001
0 0.05500000000000001
0 0.05500000000000001
0 0.05500000000000001
0 0.05500000000000001
0 0.05500000000000001
0 0.05500000000000001
0 0.05500000000000001
0 0.05500000000000001
0 0.05500000000000001
0 0.05500000000000001
0 0.05500000000000001
0 0.05500000000000001
0 0.05500000000000001
0 0.05500000000000001
0 0.05500000000000001
0 0.05500000000000001
0 0.05500000000000001
0 0.05500000000000001
0 0.05500000000000001
0 0.05500000000000001
0 0.05500000000000001
0 0.05500000000000001
0 0.05500000000000001
0 0.05500000000000001
0 0.05500000000000001
0 0.05500000000000001
0 0.05500000000000001
0 0.05500000000000001
0 0.05500000000000001
0 0.05500000000000001
0 0.05500000000000001
0 0.05500000000000001
0 0.05500000000000001
0 0.05500000000000001
0 0.05500000000000001
0 0.05500000000000001
0 0.05500000000000001
0 0.05500000000000001
0 0.05500000000000001
0 0.05500000000000001
0 0.05500000000000001
0 0.05500000000000001
0 0.05500000000000001
0 0.05500000000000001
0 0.05500000000000001
0 0.05500000000000001
0 0.05500000000000001
0 0.05500000000000001
0 0.05500000000000001
0 0.05500000000000001
0 0.05500000000000001
0 0.05500000000000001
0 0.05500000000000001
0 0.05500000000000001
0 0.05500000000000001
0 0.05500000000000001
0 0.05500000000000001
0 0.05500000000000001
0 0.05500000000000001
0 0.05500000000000001
0 0.05500000000000001
0 0.05500000000000001
0 0.05500000000000001
0 0.05500000000000001
0 0.05500000000000001
0 0.05500000000000001
0 0.05500000000000001
0 0.05500000000000001
0 0.05500000000000001
0 0.05500000000000001
0 0.05500000000000001
0 0.05500000000000001
0 0.05500000000000001
0 0.05500000000000001
0 0.05500000000000001
0 0.05500000000000001
0 0.05500000000000001
0 0.05500000000000001
0 0.05500000000000001
0 0.05500000000000001
0 0.05500000000000001
0 0.05500000000000001
0 0.05500000000000001
0 0.05500000000000001
0 0.05500000000000001
0 0.05500000000000001
0 0.05500000000000001
0 0.05500000000000001
0 0.05500000000000001
0 0.05500000000000001
0 0.05500000000000001
0 0.05500000000000001
0 0.05500000000000001
0 0.05500000000000001
0 0.05500000000000001
0 0.05500000000000001
0 0.05500000000000001
0 0.05500000000000001
0 0.05500000000000001
0 0.05500000000000001
0 0.05500000000000001
0 0.05500000000000001
0 0.05500000000000001
0 0.05500000000000001
0 0.05500000000000001
0 0.05500000000000001
0 0.05500000000000001
0 0.05500000000000001
0 0.05500000000000001
0 0.05500000000000001
0 0.05500000000000001

-4.3059 8.1081
-0.1943 4.415
2.981 1.2557
1.9226 2.491
-1.7382 5.8406
3.4036 0.3452
-0.8104 5.0014
1.7559 2.1891
-0.3078 4.3335
3.1254 1.0826

-4.7022 10.7582
-1.559 5.2047
-0.1308 3.8392
1.5704 3.5064
-0.8207 5.1945
-0.1083 3.5528
-0.1651 5.6772
-0.0714 4.8939
2.8747 0.3758
-2.0964 7.1222

1.7798 5.9745
0.1179 8.887
3.2316 3.3546
-4.0206 12.1252
0.4139 5.751
0.1005 8.7798
5.4195 4.5803
-0.9182 8.9382
4.1181 5.9766
-0.8042 5.0913

7.0392 3.9695
1.7883 12.7481
4.2833 9.5272
3.4803 9.5151
6.5042 6.8607
6.4595 8.8588
8.3174 8.4904
6.3115 8.5307
3.7908 9.0502
7.983 5.6512

