0 0.01
0 0.01
0 0.01
0 0.01
0 0.01
0 0.01
0 0.01
0 0.01
0 0.01
0 0.01
0 0.01
0 0.01
0 0.01
0 0.01
0 0.01
0 0.01
0 0.01
0 0.01
0 0.01
0 0.01
0 0.01
0 0.01
0 0.01
0 0.01
0 0.01
0 0.01
0 0.01
0 0.01
0 0.01
0 0.01
0 0.01
0 0.01
0 0.01
0 0.01
0 0.01
0 0.01
0 0.01
0 0.01
0 0.01
0 0.01
0 0.01
0 0.01
0 0.01
0 0.01
0 0.01
0 0.01
0 0.01
0 0.01
0 0.01
0 0.01
0 0.01
0 0.01
0 0.01
0 0.01
0 0.01
0 0.01
0 0.01
0 0.01
0 0.01
0 0.01
0 0.01
0 0.01
0 0.01
0 0.01
0 0.01
0 0.01
0 0.01
0 0.01
0 0.01
0 0.01
0 0.01
0 0.01
0 0.01
0 0.01
0 0.01
0 0.01
0 0.01
0 0.01
0 0.01
0 0.01
0 0.01
0 0.01
0 0.01
0 0.01
0 0.01
0 0.01
0 0.01
0 0.01
0 0.01
0 0.01
0 0.01
0 0.01
0 0.01
0 0.01
0 0.01
0 0.01
0 0.01
0 0.01
0 0.01
0 0.01
0 0.01
0 0.01
0 0.01
0 0.01
0 0.01
0 0.01
0 0.01
0 0.01
0 0.01
0 0.01
0 0.01
0 0.01
0 0.01
0 0.01
0 0.01
0 0.01
0 0.01
0 0.01
0 0.01
0 0.01
0 0.01
0 0.01
0 0.01
0 0.01
0 0.01
0 0.01
0 0.01
0 0.01
-0.13901961386203765 0.15901961386203767
-0.9860784316062927 1
-0.4174509847164154 0.4374509847164154
0 0.01
0 0.01
0 0.01
0 0.01
0 0.01
0 0.01
0 0.01
0 0.01
0 0.01
0 0.01
0 0.01
0 0.01
0 0.01
0 0.01
0 0.01
0 0.01
0 0.01
0 0.01
0 0.01
0 0.01
0 0.01
0 0.01
0 0.01
0 0.01
0 0.01
-0.33117648005485534 0.35117648005485536
-0.9782352948188782 0.9982352948188782
-0.31156863808631896 0.331568638086319
0 0.01
0 0.01
0 0.01
0 0.01
0 0.01
0 0.01
0 0.01
0 0.01
0 0.01
0 0.01
0 0.01
0 0.01
0 0.01
0 0.01
0 0.01
0 0.01
0 0.01
0 0.01
0 0.01
0 0.01
0 0.01
0 0.01
0 0.01
0 0.01
0 0.01
-0.5194117927551269 0.539411792755127
-0.9350980424880981 0.9550980424880982
0 0.01
0 0.01
0 0.01
0 0.01
0 0.01
0 0.01
0 0.01
0 0.01
0 0.01
0 0.01
0 0.01
0 0.01
0 0.01
0 0.01
0 0.01
0 0.01
0 0.01
0 0.01
0 0.01
0 0.01
0 0.01
0 0.01
0 0.01
0 0.01
0 0.01
-0.16647059261798858 0.1864705926179886
-0.94686274766922 0.96686274766922
-0.5782353186607361 0.5982353186607361
0 0.01
0 0.01
0 0.01
0 0.01
0 0.01
0 0.01
0 0.01
0 0.01
0 0.01
0 0.01
0 0.01
0 0.01
0 0.01
0 0.01
0 0.01
0 0.01
0 0.01
0 0.01
0 0.01
0 0.01
0 0.01
0 0.01
0 0.01
0 0.01
0 0.01
-0.3194117748737335 0.33941177487373353
-0.9860784316062927 1
-0.23705882370471953 0.25705882370471955
0 0.01
0 0.01
0 0.01
0 0.01
0 0.01
0 0.01
0 0.01
0 0.01
0 0.01
0 0.01
0 0.01
0 0.01
0 0.01
0 0.01
0 0.01
0 0.01
0 0.01
0 0.01
0 0.01
0 0.01
0 0.01
0 0.01
0 0.01
0 0.01
0 0.01
-0.7821568751335144 0.8021568751335144
-0.8645098114013672 0.8845098114013672
-0.033137256056070326 0.05313725605607033
0 0.01
0 0.01
0 0.01
0 0.01
0 0.01
0 0.01
0 0.01
0 0.01
0 0.01
0 0.01
0 0.01
0 0.01
0 0.01
0 0.01
0 0.01
0 0.01
0 0.01
0 0.01
0 0.01
0 0.01
0 0.01
0 0.01
0 0.01
0 0.01
-0.11549020349979401 0.13549020349979402
-0.9860784316062927 1
-0.8370588326454163 0.8570588326454163
0 0.01
0 0.01
0 0.01
0 0.01
0 0.01
0 0.01
0 0.01
0 0.01
0 0.01
0 0.01
0 0.01
0 0.01
0 0.01
0 0.01
0 0.01
0 0.01
0 0.01
0 0.01
0 0.01
0 0.01
0 0.01
0 0.01
0 0.01
0 0.01
0 0.01
-0.36254902720451354 0.38254902720451356
-0.9860784316062927 1
-0.7547058963775635 0.7747058963775635
0 0.01
0 0.01
0 0.01
0 0.01
0 0.01
0 0.01
0 0.01
0 0.01
0 0.01
0 0.01
0 0.01
0 0.01
0 0.01
0 0.01
0 0.01
0 0.01
0 0.01
0 0.01
0 0.01
0 0.01
0 0.01
0 0.01
0 0.01
0 0.01
0 0.01
-0.5390196347236633 0.5590196347236633
-0.9860784316062927 1
-0.2919607961177826 0.3119607961177826
0 0.01
0 0.01
0 0.01
0 0.01
0 0.01
0 0.01
0 0.01
0 0.01
0 0.01
0 0.01
0 0.01
0 0.01
0 0.01
0 0.01
0 0.01
0 0.01
0 0.01
0 0.01
0 0.01
0 0.01
0 0.01
0 0.01
0 0.01
0 0.01
-0.21352941334247588 0.2335294133424759
-0.919411768913269 0.939411768913269
-0.7939215803146362 0.8139215803146362
-0.0213725508749485 0.041372550874948504
0 0.01
0 0.01
0 0.01
0 0.01
0 0.01
0 0.01
0 0.01
0 0.01
0 0.01
0 0.01
0 0.01
0 0.01
0 0.01
0 0.01
0 0.01
0 0.01
0 0.01
0 0.01
0 0.01
0 0.01
0 0.01
0 0.01
0 0.01
0 0.01
-0.4762745106220245 0.49627451062202455
-0.99 1
-0.6370588445663452 0.6570588445663452
0 0.01
0 0.01
0 0.01
0 0.01
0 0.01
0 0.01
0 0.01
0 0.01
0 0.01
0 0.01
0 0.01
0 0.01
0 0.01
0 0.01
0 0.01
0 0.01
0 0.01
0 0.01
0 0.01
0 0.01
0 0.01
0 0.01
0 0.01
0 0.01
0 0.01
-0.6605882549285889 0.6805882549285889
-0.9860784316062927 1
-0.3076470696926117 0.3276470696926117
0 0.01
0 0.01
0 0.01
0 0.01
0 0.01
0 0.01
0 0.01
0 0.01
0 0.01
0 0.01
0 0.01
0 0.01
0 0.01
0 0.01
0 0.01
0 0.01
0 0.01
0 0.01
0 0.01
0 0.01
0 0.01
0 0.01
0 0.01
0 0.01
-0.08411764889955521 0.1041176488995552
-0.8998039269447327 0.9198039269447327
-0.833137264251709 0.853137264251709
0 0.01
0 0.01
0 0.01
0 0.01
0 0.01
0 0.01
0 0.01
0 0.01
0 0.01
0 0.01
0 0.01
0 0.01
0 0.01
0 0.01
0 0.01
0 0.01
0 0.01
0 0.01
0 0.01
0 0.01
0 0.01
0 0.01
0 0.01
0 0.01
0 0.01
-0.4605882370471954 0.48058823704719544
-0.9860784316062927 1
-0.6135294342041016 0.6335294342041016
0 0.01
0 0.01
0 0.01
0 0.01
0 0.01
0 0.01
0 0.01
0 0.01
0 0.01
0 0.01
0 0.01
0 0.01
0 0.01
0 0.01
0 0.01
0 0.01
0 0.01
0 0.01
0 0.01
0 0.01
0 0.01
0 0.01
0 0.01
0 0.01
0 0.01
-0.5821568870544434 0.6021568870544434
-0.9860784316062927 1
-0.5468627715110779 0.5668627715110779
0 0.01
0 0.01
0 0.01
0 0.01
0 0.01
0 0.01
0 0.01
0 0.01
0 0.01
0 0.01
0 0.01
0 0.01
0 0.01
0 0.01
0 0.01
0 0.01
0 0.01
0 0.01
0 0.01
0 0.01
0 0.01
0 0.01
0 0.01
0 0.01
0 0.01
-0.8841176533699036 0.9041176533699036
-0.9860784316062927 1
-0.24882354378700255 0.2688235437870026
0 0.01
0 0.01
0 0.01
0 0.01
0 0.01
0 0.01
0 0.01
0 0.01
0 0.01
0 0.01
0 0.01
0 0.01
0 0.01
0 0.01
0 0.01
0 0.01
0 0.01
0 0.01
0 0.01
0 0.01
0 0.01
0 0.01
0 0.01
0 0.01
-0.22921568691730498 0.249215686917305
-0.9743137264251709 0.9943137264251709
-0.9860784316062927 1
-0.24882354378700255 0.2688235437870026
0 0.01
0 0.01
0 0.01
0 0.01
0 0.01
0 0.01
0 0.01
0 0.01
0 0.01
0 0.01
0 0.01
0 0.01
0 0.01
0 0.01
0 0.01
0 0.01
0 0.01
0 0.01
0 0.01
0 0.01
0 0.01
0 0.01
0 0.01
0 0.01
-0.5429412031173706 0.5629412031173706
-0.9860784316062927 1
-0.7939215803146362 0.8139215803146362
-0.0017647061124444006 0.021764706112444403
0 0.01
0 0.01
0 0.01
0 0.01
0 0.01
0 0.01
0 0.01
0 0.01
0 0.01
0 0.01
0 0.01
0 0.01
0 0.01
0 0.01
0 0.01
0 0.01
0 0.01
0 0.01
0 0.01
0 0.01
0 0.01
0 0.01
0 0.01
-0.02921568766236305 0.049215687662363054
-0.833137264251709 0.853137264251709
-0.9860784316062927 1
-0.4645098054409027 0.4845098054409027
0 0.01
0 0.01
0 0.01
0 0.01
0 0.01
0 0.01
0 0.01
0 0.01
0 0.01
0 0.01
0 0.01
0 0.01
0 0.01
0 0.01
0 0.01
0 0.01
0 0.01
0 0.01
0 0.01
0 0.01
0 0.01
0 0.01
0 0.01
0 0.01
-0.009607843831181526 0.029607843831181528
-0.7664706015586853 0.7864706015586853
-0.6801960968971252 0.7001960968971253
-0.02921568766236305 0.049215687662363054
0 0.01
0 0.01
0 0.01
0 0.01
0 0.01
0 0.01
0 0.01
0 0.01
0 0.01
0 0.01
0 0.01
0 0.01
0 0.01
0 0.01
0 0.01
0 0.01
0 0.01
0 0.01
0 0.01
0 0.01
0 0.01
0 0.01
0 0.01
0 0.01
0 0.01
0 0.01
0 0.01
0 0.01
0 0.01
0 0.01
0 0.01
0 0.01
0 0.01
0 0.01
0 0.01
0 0.01
0 0.01
0 0.01
0 0.01
0 0.01
0 0.01
0 0.01
0 0.01
0 0.01
0 0.01
0 0.01
0 0.01
0 0.01
0 0.01
0 0.01
0 0.01
0 0.01
0 0.01
0 0.01
0 0.01
0 0.01
0 0.01
0 0.01
0 0.01
0 0.01
0 0.01
0 0.01
0 0.01
0 0.01
0 0.01
0 0.01
0 0.01
0 0.01
0 0.01
0 0.01
0 0.01
0 0.01
0 0.01
0 0.01
0 0.01
0 0.01
0 0.01
0 0.01
0 0.01
0 0.01
0 0.01
0 0.01
0 0.01
0 0.01
0 0.01
0 0.01
0 0.01
0 0.01
0 0.01
0 0.01
0 0.01
0 0.01
0 0.01
0 0.01
0 0.01
0 0.01
0 0.01
0 0.01
0 0.01
0 0.01
0 0.01
0 0.01
0 0.01
0 0.01
0 0.01
0 0.01
0 0.01
0 0.01
0 0.01
0 0.01
0 0.01
0 0.01
0 0.01
0 0.01
0 0.01
0 0.01
0 0.01
0 0.01
0 0.01
0 0.01
0 0.01
0 0.01
0 0.01
0 0.01
0 0.01
0 0.01

-6.032056408754837 6.7349848052892645
-1.3844260105828716 2.1604208928591633
1.148869904385689 -0.3697744261665607
0.30081632792581997 0.5138338273707825
-2.7955608577128577 3.5534358729744433
2.1293658493200613 -1.4322427018146264
-2.6533715793626342 3.4237611690875114
0.02572643701405257 0.7032257316632197
-2.1912254337443193 2.9323968427486835
1.3046880938957648 -0.5303948661745642

-6.679412953913381 9.048152053285497
-2.3331911898435482 3.8594749465087994
-1.039689427022155 2.6748433361726978
0.4696861570546807 1.911596488674552
-2.8503383368714506 4.751359276143834
-0.5930155845528713 2.199034234781889
-1.3970150975939055 3.6751836240081537
-1.9187195568505306 4.040276255998936
2.5326749330491913 -0.8090817232270846
-3.321221152744387 5.194270651799204

0.9797664795318434 4.753324312884343
-1.437946375325545 8.368682819715605
2.802201864495502 3.1216531215785315
-4.24605894058859 10.68966625059543
0.25763840398314763 4.312512175096052
-0.3497179158187229 7.122092679466283
3.7626058384553542 3.0586829325854468
-2.664078890669204 8.157442452626551
3.7243384972145708 4.0295046429090915
-1.5892744523334557 4.890669767047512

8.139876129924856 4.900765979252611
2.188248844410329 13.838235620818097
5.114226048878277 9.768317275556964
4.8579275078373945 8.35483918436748
6.783064518957572 7.853436594840207
6.837032159771237 8.996881233447315
8.116242283463322 9.137459421595679
6.0648431454888945 9.160675176698717
5.6899981618541275 9.268552809767469
7.831054580940707 5.045391416399242

